   9.850000E-02   2.171368E+00
   9.702250E-02   1.966434E+00
   9.556716E-02   2.232957E+00
   9.413366E-02   2.212107E+00
   9.272165E-02   2.144049E+00
   9.133083E-02   2.189414E+00
   8.996086E-02   2.093400E+00
   8.861145E-02   2.220886E+00
   8.728228E-02   2.313540E+00
   8.597304E-02   2.093530E+00
   8.468345E-02   2.226230E+00
   8.341320E-02   2.021814E+00
   8.216200E-02   2.053787E+00
   8.092957E-02   1.909090E+00
   7.971563E-02   2.209921E+00
   7.851989E-02   2.049709E+00
   7.734209E-02   2.171463E+00
   7.618196E-02   1.944192E+00
   7.503923E-02   2.217509E+00
   7.391364E-02   2.089633E+00
   7.280494E-02   2.185560E+00
   7.171286E-02   2.290775E+00
   7.063717E-02   2.047577E+00
   6.957761E-02   2.254744E+00
   6.853395E-02   2.248710E+00
   6.750594E-02   2.109752E+00
   6.649335E-02   2.048778E+00
   6.549595E-02   2.122832E+00
   6.451351E-02   2.322406E+00
   6.354581E-02   2.202945E+00
   6.259262E-02   2.092694E+00
   6.165373E-02   2.110407E+00
   6.072893E-02   1.998894E+00
   5.981799E-02   2.239676E+00
   5.892072E-02   2.143771E+00
   5.803691E-02   2.186667E+00
   5.716636E-02   2.243191E+00
   5.630886E-02   2.140523E+00
   5.546423E-02   2.144484E+00
   5.463227E-02   2.169319E+00
   5.381278E-02   2.023463E+00
   5.300559E-02   2.180913E+00
   5.221051E-02   2.051857E+00
   5.142735E-02   2.092700E+00
   5.065594E-02   1.974132E+00
   4.989610E-02   1.954371E+00
   4.914766E-02   2.001913E+00
   4.841044E-02   1.971345E+00
   4.768429E-02   1.987237E+00
   4.696902E-02   2.068389E+00
   4.626449E-02   2.182345E+00
   4.557052E-02   2.089249E+00
   4.488696E-02   2.031131E+00
   4.421366E-02   2.104549E+00
   4.355045E-02   2.233835E+00
   4.289720E-02   2.063552E+00
   4.225374E-02   2.015892E+00
   4.161993E-02   1.960019E+00
   4.099563E-02   2.148417E+00
   4.038070E-02   1.897121E+00
   3.977499E-02   2.217734E+00
   3.917836E-02   1.950557E+00
   3.859069E-02   2.096970E+00
   3.801183E-02   2.040062E+00
   3.744165E-02   1.923255E+00
   3.688003E-02   2.037236E+00
   3.632683E-02   1.975404E+00
   3.578192E-02   1.996568E+00
   3.524519E-02   1.955290E+00
   3.471652E-02   2.037821E+00
   3.419577E-02   2.037795E+00
   3.368283E-02   2.124727E+00
   3.317759E-02   2.066765E+00
   3.267993E-02   2.066732E+00
   3.218973E-02   2.056763E+00
   3.170688E-02   1.995731E+00
   3.123128E-02   2.066446E+00
   3.076281E-02   2.044999E+00
   3.030137E-02   2.043964E+00
   2.984685E-02   1.925619E+00
   2.939914E-02   2.133423E+00
   2.895816E-02   1.937684E+00
   2.852378E-02   2.048990E+00
   2.809593E-02   1.969706E+00
   2.767449E-02   1.793309E+00
   2.725937E-02   1.943044E+00
   2.685048E-02   2.038462E+00
   2.644772E-02   1.860904E+00
   2.605101E-02   1.839836E+00
   2.566024E-02   2.003717E+00
   2.527534E-02   1.992761E+00
   2.489621E-02   1.924744E+00
   2.452276E-02   1.871447E+00
   2.415492E-02   1.862479E+00
   2.379260E-02   1.726224E+00
   2.343571E-02   1.851053E+00
   2.308418E-02   1.953147E+00
   2.273791E-02   1.931691E+00
   2.239684E-02   1.971971E+00
   2.206089E-02   1.948726E+00
   2.172998E-02   1.972213E+00
   2.140403E-02   2.052751E+00
   2.108297E-02   1.768134E+00
   2.076672E-02   1.918180E+00
   2.045522E-02   1.908608E+00
   2.014839E-02   1.858987E+00
   1.984617E-02   1.874327E+00
   1.954848E-02   1.826511E+00
   1.925525E-02   1.912028E+00
   1.896642E-02   1.876443E+00
   1.868192E-02   1.781993E+00
   1.840169E-02   1.935446E+00
   1.812567E-02   1.905567E+00
   1.785378E-02   1.769912E+00
   1.758598E-02   1.994199E+00
   1.732219E-02   1.813049E+00
   1.706235E-02   1.740138E+00
   1.680642E-02   1.809621E+00
   1.655432E-02   1.946939E+00
   1.630601E-02   1.742822E+00
   1.606142E-02   1.800630E+00
   1.582050E-02   1.852325E+00
   1.558319E-02   1.739825E+00
   1.534944E-02   1.797923E+00
   1.511920E-02   1.910889E+00
   1.489241E-02   1.822711E+00
   1.466903E-02   1.883072E+00
   1.444899E-02   1.861068E+00
   1.423226E-02   1.757766E+00
   1.401877E-02   1.683732E+00
   1.380849E-02   1.788026E+00
   1.360136E-02   1.694339E+00
   1.339734E-02   1.829167E+00
   1.319638E-02   1.832338E+00
   1.299844E-02   1.709779E+00
   1.280346E-02   1.755957E+00
   1.261141E-02   1.729477E+00
   1.242224E-02   1.802774E+00
   1.223590E-02   1.737325E+00
   1.205236E-02   1.726341E+00
   1.187158E-02   1.749240E+00
   1.169351E-02   1.660669E+00
   1.151810E-02   1.628791E+00
   1.134533E-02   1.682503E+00
   1.117515E-02   1.677499E+00
   1.100752E-02   1.580912E+00
   1.084241E-02   1.667735E+00
   1.067978E-02   1.658941E+00
   1.051958E-02   1.638050E+00
   1.036178E-02   1.676295E+00
   1.020636E-02   1.630669E+00
   1.005326E-02   1.604967E+00
   9.902464E-03   1.535287E+00
   9.753927E-03   1.530614E+00
   9.607618E-03   1.530644E+00
   9.463504E-03   1.510673E+00
   9.321551E-03   1.517785E+00
   9.181728E-03   1.562726E+00
   9.044002E-03   1.582519E+00
   8.908342E-03   1.536732E+00
   8.774717E-03   1.521735E+00
   8.643096E-03   1.524523E+00
   8.513450E-03   1.533364E+00
   8.385748E-03   1.606588E+00
   8.259962E-03   1.546218E+00
   8.136062E-03   1.471089E+00
   8.014021E-03   1.569001E+00
   7.893811E-03   1.489559E+00
   7.775404E-03   1.567250E+00
   7.658773E-03   1.475773E+00
   7.543891E-03   1.511723E+00
   7.430733E-03   1.370892E+00
   7.319272E-03   1.445320E+00
   7.209483E-03   1.426663E+00
   7.101341E-03   1.356404E+00
   6.994820E-03   1.431508E+00
   6.889898E-03   1.517333E+00
   6.786550E-03   1.386719E+00
   6.684751E-03   1.410873E+00
   6.584480E-03   1.479012E+00
   6.485713E-03   1.388564E+00
   6.388427E-03   1.359338E+00
   6.292601E-03   1.388503E+00
   6.198212E-03   1.435550E+00
   6.105239E-03   1.433132E+00
   6.013660E-03   1.320914E+00
   5.923455E-03   1.387687E+00
   5.834603E-03   1.443552E+00
   5.747084E-03   1.329251E+00
   5.660878E-03   1.262530E+00
   5.575965E-03   1.371039E+00
   5.492325E-03   1.353720E+00
   5.409940E-03   1.340461E+00
   5.328791E-03   1.307684E+00
   5.248859E-03   1.353210E+00
   5.170127E-03   1.343177E+00
   5.092575E-03   1.227852E+00
   5.016186E-03   1.161918E+00
   4.940943E-03   1.265849E+00
   4.866829E-03   1.223585E+00
   4.793827E-03   1.200693E+00
   4.721919E-03   1.241711E+00
   4.651091E-03   1.236918E+00
   4.581324E-03   1.176449E+00
   4.512604E-03   1.145151E+00
   4.444915E-03   1.174709E+00
   4.378241E-03   1.262124E+00
   4.312568E-03   1.288123E+00
   4.247879E-03   1.243843E+00
   4.184161E-03   1.183374E+00
   4.121399E-03   1.217194E+00
   4.059578E-03   1.178884E+00
   3.998684E-03   1.119917E+00
   3.938704E-03   1.163443E+00
   3.879623E-03   1.171560E+00
   3.821429E-03   1.144243E+00
   3.764107E-03   1.159623E+00
   3.707646E-03   1.184416E+00
   3.652031E-03   1.065198E+00
   3.597251E-03   1.017453E+00
   3.543292E-03   1.112874E+00
   3.490143E-03   1.112761E+00
   3.437790E-03   1.035058E+00
   3.386224E-03   1.016734E+00
   3.335430E-03   1.006606E+00
   3.285399E-03   1.007021E+00
   3.236118E-03   1.079324E+00
   3.187576E-03   1.004290E+00
   3.139762E-03   1.025713E+00
   3.092666E-03   1.142041E+00
   3.046276E-03   1.079444E+00
   3.000582E-03   1.060655E+00
   2.955573E-03   9.901523E-01
   2.911240E-03   1.026800E+00
   2.867571E-03   1.033363E+00
   2.824557E-03   9.771308E-01
   2.782189E-03   1.042980E+00
   2.740456E-03   9.726150E-01
   2.699349E-03   1.024199E+00
   2.658859E-03   9.740799E-01
   2.618976E-03   9.445159E-01
   2.579692E-03   8.964125E-01
   2.540996E-03   9.582498E-01
   2.502881E-03   8.843548E-01
   2.465338E-03   9.367111E-01
   2.428358E-03   9.069015E-01
   2.391933E-03   9.437931E-01
   2.356054E-03   9.061045E-01
   2.320713E-03   8.947132E-01
   2.285902E-03   8.940881E-01
   2.251614E-03   8.863209E-01
   2.217839E-03   9.197289E-01
   2.184572E-03   8.757644E-01
   2.151803E-03   8.689464E-01
   2.119526E-03   8.481280E-01
   2.087733E-03   8.688060E-01
   2.056417E-03   8.744728E-01
   2.025571E-03   8.468063E-01
   1.995187E-03   8.342500E-01
   1.965260E-03   8.151332E-01
   1.935781E-03   8.077500E-01
   1.906744E-03   8.033037E-01
   1.878143E-03   7.817608E-01
   1.849971E-03   7.751674E-01
   1.822221E-03   7.873039E-01
   1.794888E-03   8.331266E-01
   1.767965E-03   7.635235E-01
   1.741445E-03   7.778368E-01
   1.715323E-03   7.321285E-01
   1.689594E-03   7.710025E-01
   1.664250E-03   7.714239E-01
   1.639286E-03   7.518925E-01
   1.614697E-03   7.126696E-01
   1.590476E-03   7.419621E-01
   1.566619E-03   7.908931E-01
   1.543120E-03   7.340988E-01
   1.519973E-03   7.429410E-01
   1.497173E-03   7.951341E-01
   1.474716E-03   7.597266E-01
   1.452595E-03   7.506768E-01
   1.430806E-03   7.480325E-01
   1.409344E-03   7.143801E-01
   1.388204E-03   7.051618E-01
   1.367381E-03   6.921341E-01
   1.346870E-03   6.689779E-01
   1.326667E-03   6.804082E-01
   1.306767E-03   6.549315E-01
   1.287165E-03   6.452082E-01
   1.267858E-03   6.977307E-01
   1.248840E-03   6.897911E-01
   1.230108E-03   6.365940E-01
   1.211656E-03   6.356639E-01
   1.193481E-03   6.566027E-01
   1.175579E-03   6.674774E-01
   1.157945E-03   6.590350E-01
   1.140576E-03   6.347314E-01
   1.123467E-03   6.087226E-01
   1.106615E-03   5.898784E-01
   1.090016E-03   5.953950E-01
   1.073666E-03   5.860582E-01
   1.057561E-03   5.775785E-01
   1.041697E-03   5.715583E-01
   1.026072E-03   5.853907E-01
   1.010681E-03   5.853745E-01
   9.955207E-04   5.325002E-01
   9.805879E-04   5.564385E-01
   9.658791E-04   5.366398E-01
   9.513909E-04   5.214638E-01
   9.371200E-04   5.087191E-01
   9.230632E-04   5.201315E-01
   9.092173E-04   5.274334E-01
   8.955790E-04   5.392285E-01
   8.821453E-04   5.121524E-01
   8.689132E-04   4.890644E-01
   8.558795E-04   4.919263E-01
   8.430413E-04   5.013583E-01
   8.303957E-04   4.854332E-01
   8.179397E-04   4.821972E-01
   8.056706E-04   4.757539E-01
   7.935856E-04   4.734517E-01
   7.816818E-04   4.814259E-01
   7.699566E-04   4.675238E-01
   7.584072E-04   4.721269E-01
   7.470311E-04   4.689835E-01
   7.358256E-04   4.727868E-01
   7.247882E-04   4.861120E-01
   7.139164E-04   4.737793E-01
   7.032077E-04   4.662964E-01
   6.926596E-04   4.640241E-01
   6.822697E-04   4.599828E-01
   6.720356E-04   4.559610E-01
   6.619551E-04   4.598911E-01
   6.520258E-04   4.546818E-01
   6.422454E-04   4.540251E-01
   6.326117E-04   4.589261E-01
   6.231225E-04   4.750427E-01
   6.137757E-04   4.589673E-01
   6.045690E-04   4.552565E-01
   5.955005E-04   4.497117E-01
   5.865680E-04   4.433270E-01
   5.777695E-04   4.415080E-01
   5.691029E-04   4.374880E-01
   5.605664E-04   4.377162E-01
   5.521579E-04   4.471705E-01
   5.438755E-04   4.430194E-01
   5.357174E-04   4.358683E-01
   5.276816E-04   4.404169E-01
   5.197664E-04   4.311707E-01
   5.119699E-04   4.248140E-01
   5.042904E-04   4.177013E-01
   4.967260E-04   4.087827E-01
   4.892751E-04   4.090096E-01
   4.819360E-04   4.146557E-01
   4.747070E-04   4.190691E-01
   4.675864E-04   4.131549E-01
   4.605726E-04   4.243895E-01
   4.536640E-04   4.041549E-01
   4.468590E-04   4.072476E-01
   4.401561E-04   4.042631E-01
   4.335538E-04   4.010963E-01
   4.270505E-04   3.995934E-01
   4.206447E-04   3.980621E-01
   4.143350E-04   4.024029E-01
   4.081200E-04   4.017101E-01
   4.019982E-04   3.907664E-01
   3.959682E-04   3.853877E-01
   3.900287E-04   3.823797E-01
   3.841783E-04   3.894412E-01
   3.784156E-04   3.988827E-01
   3.727394E-04   3.860923E-01
   3.671483E-04   3.906828E-01
   3.616411E-04   3.837538E-01
   3.562165E-04   3.911767E-01
   3.508732E-04   3.830331E-01
   3.456101E-04   3.850753E-01
   3.404260E-04   3.903243E-01
   3.353196E-04   3.908875E-01
   3.302898E-04   3.851621E-01
   3.253354E-04   3.862409E-01
   3.204554E-04   3.851999E-01
   3.156486E-04   3.854626E-01
   3.109138E-04   3.799561E-01
   3.062501E-04   3.760484E-01
   3.016564E-04   3.684072E-01
   2.971315E-04   3.719790E-01
   2.926746E-04   3.703303E-01
   2.882844E-04   3.744857E-01
   2.839602E-04   3.673753E-01
   2.797008E-04   3.647203E-01
   2.755053E-04   3.699473E-01
   2.713727E-04   3.711600E-01
   2.673021E-04   3.703306E-01
   2.632926E-04   3.640201E-01
   2.593432E-04   3.659362E-01
   2.554530E-04   3.678485E-01
   2.516212E-04   3.647856E-01
   2.478469E-04   3.679808E-01
   2.441292E-04   3.697609E-01
   2.404673E-04   3.696424E-01
   2.368603E-04   3.654673E-01
   2.333074E-04   3.672992E-01
   2.298077E-04   3.664932E-01
   2.263606E-04   3.623811E-01
   2.229652E-04   3.619291E-01
   2.196207E-04   3.605622E-01
   2.163264E-04   3.537603E-01
   2.130815E-04   3.550062E-01
   2.098853E-04   3.522575E-01
   2.067370E-04   3.487646E-01
   2.036360E-04   3.487013E-01
   2.005814E-04   3.477338E-01
   1.975727E-04   3.495467E-01
   1.946091E-04   3.479652E-01
   1.916900E-04   3.479813E-01
   1.888146E-04   3.537777E-01
   1.859824E-04   3.544933E-01
   1.831927E-04   3.541964E-01
   1.804448E-04   3.526388E-01
   1.777381E-04   3.520817E-01
   1.750720E-04   3.532877E-01
   1.724460E-04   3.529965E-01
   1.698593E-04   3.511809E-01
   1.673114E-04   3.505306E-01
   1.648017E-04   3.510127E-01
   1.623297E-04   3.482683E-01
   1.598947E-04   3.477782E-01
   1.574963E-04   3.454066E-01
   1.551339E-04   3.474029E-01
   1.528069E-04   3.461716E-01
   1.505148E-04   3.473120E-01
   1.482570E-04   3.441600E-01
   1.460332E-04   3.447654E-01
   1.438427E-04   3.413846E-01
   1.416851E-04   3.399634E-01
   1.395598E-04   3.443057E-01
   1.374664E-04   3.437386E-01
   1.354044E-04   3.422101E-01
   1.333733E-04   3.441425E-01
   1.313727E-04   3.429115E-01
   1.294021E-04   3.403616E-01
   1.274611E-04   3.415913E-01
   1.255492E-04   3.417781E-01
   1.236659E-04   3.430734E-01
   1.218110E-04   3.412697E-01
   1.199838E-04   3.404247E-01
   1.181840E-04   3.412063E-01
   1.164113E-04   3.407726E-01
   1.146651E-04   3.380642E-01
   1.129451E-04   3.359130E-01
   1.112509E-04   3.362596E-01
   1.095822E-04   3.387556E-01
   1.079385E-04   3.382336E-01
   1.063194E-04   3.364765E-01
   1.047246E-04   3.367035E-01
   1.031537E-04   3.364327E-01
   1.016064E-04   3.351935E-01
   1.000823E-04   3.370564E-01
   9.858108E-05   3.363423E-01
   9.710236E-05   3.353940E-01
   9.564583E-05   3.350721E-01
   9.421114E-05   3.360797E-01
   9.279797E-05   3.343736E-01
   9.140600E-05   3.353188E-01
   9.003491E-05   3.361454E-01
   8.868439E-05   3.344681E-01
   8.735412E-05   3.345237E-01
   8.604381E-05   3.344211E-01
   8.475315E-05   3.356937E-01
   8.348186E-05   3.339568E-01
   8.222963E-05   3.316824E-01
   8.099619E-05   3.319632E-01
   7.978124E-05   3.319918E-01
   7.858452E-05   3.316008E-01
   7.740576E-05   3.318457E-01
   7.624467E-05   3.318295E-01
   7.510100E-05   3.325436E-01
   7.397448E-05   3.312221E-01
   7.286487E-05   3.326099E-01
   7.177189E-05   3.320450E-01
   7.069532E-05   3.331647E-01
   6.963489E-05   3.316916E-01
   6.859036E-05   3.297085E-01
   6.756151E-05   3.297003E-01
   6.654808E-05   3.286422E-01
   6.554986E-05   3.282336E-01
   6.456662E-05   3.294094E-01
   6.359812E-05   3.295279E-01
   6.264414E-05   3.279585E-01
   6.170448E-05   3.264932E-01
   6.077892E-05   3.265560E-01
   5.986723E-05   3.258901E-01
   5.896922E-05   3.263386E-01
   5.808468E-05   3.259734E-01
   5.721341E-05   3.265687E-01
   5.635521E-05   3.246725E-01
   5.550988E-05   3.246108E-01
   5.467724E-05   3.239720E-01
   5.385708E-05   3.224322E-01
   5.304922E-05   3.221602E-01
   5.225348E-05   3.216846E-01
   5.146968E-05   3.214178E-01
   5.069764E-05   3.211126E-01
   4.993717E-05   3.194800E-01
   4.918811E-05   3.199745E-01
   4.845029E-05   3.191412E-01
   4.772354E-05   3.198685E-01
   4.700768E-05   3.199128E-01
   4.630257E-05   3.195197E-01
   4.560803E-05   3.185461E-01
   4.492391E-05   3.192999E-01
   4.425005E-05   3.192620E-01
   4.358630E-05   3.183951E-01
   4.293251E-05   3.181828E-01
   4.228852E-05   3.180899E-01
   4.165419E-05   3.177046E-01
   4.102938E-05   3.181594E-01
   4.041394E-05   3.178709E-01
   3.980773E-05   3.175794E-01
   3.921061E-05   3.178207E-01
   3.862245E-05   3.173470E-01
   3.804312E-05   3.179367E-01
   3.747247E-05   3.168776E-01
   3.691038E-05   3.169594E-01
   3.635673E-05   3.165889E-01
   3.581138E-05   3.161502E-01
   3.527421E-05   3.156610E-01
   3.474509E-05   3.153690E-01
   3.422392E-05   3.154404E-01
   3.371056E-05   3.151808E-01
   3.320490E-05   3.148033E-01
   3.270683E-05   3.141436E-01
   3.221622E-05   3.129838E-01
   3.173298E-05   3.124037E-01
   3.125699E-05   3.118860E-01
   3.078813E-05   3.127960E-01
   3.032631E-05   3.134899E-01
   2.987141E-05   3.122416E-01
   2.942334E-05   3.119487E-01
   2.898199E-05   3.115599E-01
   2.854726E-05   3.109620E-01
   2.811905E-05   3.113528E-01
   2.769727E-05   3.102674E-01
   2.728181E-05   3.109760E-01
   2.687258E-05   3.100668E-01
   2.646949E-05   3.112983E-01
   2.607245E-05   3.110572E-01
   2.568136E-05   3.103863E-01
   2.529614E-05   3.099772E-01
   2.491670E-05   3.101821E-01
   2.454295E-05   3.103418E-01
   2.417481E-05   3.104122E-01
   2.381218E-05   3.107655E-01
   2.345500E-05   3.111508E-01
   2.310318E-05   3.107766E-01
