   6.253211E+00   1.484059E+02     9
   2.654591E-01   5.523926E+00    14
   1.382719E+00   1.840340E+00     1
   2.984861E+00   1.711577E+02     3
   4.897036E+00   2.147607E+02     5
   3.945428E-02   2.422991E+00    15
   4.499500E-01   3.691665E+01    11
   6.244469E+00   2.144681E+02     3
   2.816351E-01   1.987869E+01     9
   1.149280E+00   5.100002E+01    13
   3.528911E-02   2.499979E+02    11
   7.696523E-01   1.579656E+02     2
   7.130239E-01   2.009450E+02     3
   2.768518E+00   9.217567E+01     4
   8.894258E-01   1.738000E+02    12
   4.283314E+00   1.662419E+02    16
   1.728618E-02   1.891819E+02     9
   9.485283E-03   2.290306E+02    11
   7.550249E+00   3.985404E+01    17
   4.409404E+00   2.430815E+02    17
   6.930827E-01   2.475596E+02     9
   1.732736E+00   4.726686E+01     3
   9.735729E+00   1.614222E+02    12
   7.544336E+00   1.356530E+02    12
   1.041409E+01   2.484953E+02    17
   3.903335E+00   2.482350E+02    17
   9.289296E+00   1.523776E+02     3
   1.415191E+00   2.264464E+02     4
   4.340056E-01   2.290857E+02    19
   8.350948E-02   1.460121E+02     3
   2.320735E-02   2.362119E+02     7
   7.354301E+00   2.395506E+02     8
   1.259387E-01   2.359397E+02     4
   4.675055E+00   6.103314E+01    19
   7.493517E+00   2.290187E+00     8
   3.273364E+00   1.794593E+02     5
   2.356277E+00   1.816278E+01     1
   1.508667E-02   1.914874E+02     7
   1.106028E+01   1.701044E+02     1
   4.520706E+00   6.714886E+01     8
   9.393174E+00   3.128875E+01     7
   1.956524E+00   3.240343E+01    15
   3.258292E-01   1.133804E+02    12
   1.113707E+01   1.664747E+02    14
   1.021864E+00   1.512411E+02    13
   6.008729E+00   1.759276E+02    13
   7.986934E+00   1.514261E+02    13
   4.232654E+00   1.023352E+02    14
   5.075942E+00   1.186187E+02     9
   6.854636E-01   9.161526E+01    12
   9.946667E+00   1.660623E+02    11
   3.242202E-01   1.657873E+02    10
   5.445913E-01   3.061602E+01    14
   1.677496E-01   1.521797E+02     5
   8.715353E+00   2.104088E+02    19
   2.681149E-02   1.173720E+01     8
   7.993777E+00   2.477312E+01     1
   2.671572E+00   2.194205E+02    18
   3.382155E-01   2.127552E+02    13
   4.873771E+00   9.549039E+01     2
   7.512228E+00   1.148261E+02     3
   3.771433E-01   4.329365E-02    14
   8.011269E-01   1.279158E+02    13
   7.377405E+00   1.071950E+01     6
   2.892746E+00   2.564089E+00    12
   3.492982E+00   7.746151E+01     6
   3.595492E-01   1.239453E+02    15
   2.213324E+00   2.281143E+02    13
   2.728961E-01   2.299860E+01     7
   7.406635E+00   8.223034E+01     7
   8.226130E-01   3.098358E+01    18
   7.709932E-01   1.813858E+02     8
   8.347963E-02   1.897730E+02    15
   5.252834E+00   9.271971E+00    17
   2.092267E-01   1.189848E+01     8
   2.524347E+00   1.407930E+02     2
   5.976091E+00   8.473026E+01    10
   2.414130E+00   2.063611E-01    16
   3.567567E+00   7.275840E+01    15
   3.991323E-03   1.546467E+02     1
   1.071471E+00   1.926802E+00    11
   1.222302E+00   2.052459E+02    11
   3.826087E-02   7.623220E+01    18
   1.038113E-01   7.466251E+01     4
   7.747798E+00   2.499893E+02     2
   1.327630E+00   7.575146E+01     6
   6.322368E-01   1.841400E+02     4
   2.510502E-01   4.070819E+01    13
   3.921794E+00   2.059370E+02    12
   1.547712E-01   2.499090E+02     9
   3.792372E+00   3.351676E+01    19
   4.910909E+00   1.073835E+00    16
   2.189794E+00   1.743441E+02    18
   1.540864E+00   1.989341E+01     4
   7.553341E-01   1.813613E+01    15
   1.891446E-02   1.756072E+00    17
   1.404644E+00   1.379717E+02    16
   3.951611E+00   2.432416E+02     4
   3.674706E-01   2.496622E+02    10
   1.503371E+00   4.262470E+01     9
   1.761389E+00   2.386940E+02    12
   8.180464E-01   2.302986E+02     1
   5.093878E+00   2.687938E+01    19
   3.759637E+00   2.264335E+02     2
   2.528076E+00   3.479569E+01     5
   1.303325E+00   1.893461E+02     3
   3.969881E+00   2.189412E+02     1
   1.811562E+00   1.587656E+01     6
   6.864126E+00   2.462672E+02    19
   7.010111E-01   8.728964E+01    19
   1.720362E-02   5.802015E+01     5
   2.371220E+00   2.301429E+02    13
   2.191404E-01   3.385953E+01     5
   4.084470E+00   1.069380E+02    16
   3.649056E+00   1.513022E+02    16
   1.519642E+00   1.257808E+02    14
   2.822157E+00   1.797200E+02     2
   3.535572E-01   2.357815E+02    11
   7.841659E-01   1.731849E+01     6
   2.294890E+00   2.169639E+01     5
   5.297394E+00   2.088112E+02    11
   1.642335E+00   4.888295E+01     2
   5.124423E+00   3.857787E+01    18
   4.316382E+00   4.023055E+01    18
   4.172165E+00   2.021798E+02     9
   1.415459E+00   9.842124E+00    14
   2.373627E+00   6.448747E+01    13
   8.068842E-01   8.886676E+01    19
   4.853833E+00   2.280372E+02     6
   6.906012E-01   2.461021E+02     3
   3.691316E+00   1.983918E+02    15
   3.705421E+00   1.517864E+02    19
   3.639785E-03   1.114665E+01    10
   7.274303E-01   2.218637E+02    17
   8.193441E-01   2.416065E+02    10
   2.293779E+00   2.298837E+02    15
   2.248396E+00   1.820453E+01    14
   3.768079E+00   7.025619E+01     1
   2.998969E+00   1.421946E+02     9
   1.513970E-02   2.166962E+02    19
   2.522692E+00   1.979649E+02     6
   6.293558E-01   1.208175E+01     4
   7.090920E-01   5.728574E+01    12
   2.863006E+00   1.950510E+02    10
   2.476268E+00   1.260106E+02    13
   5.522061E-03   1.302443E+02    14
   8.691294E-01   8.885280E+01     9
   3.985866E-03   2.483359E+02     2
   3.045878E+00   9.653283E+01    16
   9.160543E-01   8.887332E+01     3
   1.983910E+00   1.074142E+02    11
   9.337998E-05   2.499426E+02    12
   2.661789E+00   1.124999E+02    11
   3.222663E+00   2.489220E+02     7
   1.232066E+00   1.351949E+02     2
   7.176587E-06   1.274586E+02     3
   3.714949E-01   1.812253E+02    14
   1.842524E+00   4.974633E+01    19
   1.452919E+00   1.399686E+01    10
   1.049162E-02   2.273875E+01    10
   1.045870E+00   1.267156E+02     2
   9.626480E-01   4.436130E-01    17
   3.717388E-01   9.954677E+01     7
   4.746700E-01   3.840984E+01     6
   4.186576E-01   2.051005E+02     9
   1.242635E-02   1.061148E+02    15
   1.567306E+00   8.102892E+01    15
   1.737096E-01   2.484008E+02    13
   5.355164E-01   2.451723E+01    12
   7.094342E-01   1.856014E+02     2
   1.786021E+00   7.466717E+01    13
   1.339819E+00   2.474728E+02     1
   1.060864E+00   1.934885E+02     4
   1.396268E+00   1.008682E+02    13
   1.873911E+00   2.202371E+02     3
   9.527416E-01   4.276696E+01    18
