   1.225962E+01   2.459263E+02    17
   9.273804E-01   2.221151E+02    17
   2.538071E-02   2.434136E+02     9
   8.109291E+00   2.319332E+02    11
   7.481130E+00   4.371124E+01    14
   8.821561E+00   2.134177E+02     3
   1.280213E+01   2.484402E+02    11
   1.453211E+00   2.250772E+02     9
   8.792260E-02   2.181948E+02    19
   7.390468E+00   1.726573E+02    12
   2.342796E-02   7.783148E+00    14
   1.474968E+00   2.056041E+02     3
   2.789934E+00   1.321970E+02     3
   4.645001E+00   1.345985E+01     8
   5.452117E+00   2.488916E+02    16
   3.078572E+00   2.710393E+01    14
   5.738501E+00   1.954748E+02    17
   1.140770E+01   1.805385E+02    17
   2.383434E+00   9.788268E+01     6
   1.280153E+01   1.351112E+02    13
   1.657117E+00   2.185436E+02     8
   1.177171E+01   2.488714E+02    19
   2.396014E+00   2.581620E+01    14
   1.839427E+00   7.649502E+01     6
   1.105614E-02   1.227539E+01    13
   1.644847E+00   1.968817E+02    18
   1.004155E+01   1.423484E+02     5
   6.439492E+00   5.493669E+01     5
   1.094642E+01   1.014035E+02    11
   4.683906E+00   1.244330E+01    18
   1.364681E-01   4.437115E+00     9
   4.057761E+00   6.730047E+00     9
   6.660114E+00   1.676755E+02    16
   1.056700E+01   7.250357E-01    18
   8.498888E+00   2.126934E+02    19
   3.975237E+00   1.909470E+02     6
   3.737399E+00   3.200360E+01     5
   1.049232E+01   1.512261E+02     8
   9.441447E+00   2.316588E+02    15
   8.998930E+00   8.127825E+01     5
   2.743351E-01   2.015751E+02    14
   4.025671E+00   7.628383E+01    16
   2.260738E+00   2.495111E+02    14
   5.589170E+00   6.187639E+01    11
   2.107772E+00   6.337817E+01     3
   8.490242E-01   1.630522E+02     9
   2.512905E+00   8.012336E+01     1
   2.262487E-01   2.429114E+02     9
   6.652970E-02   2.177026E-01    12
   3.964173E+00   1.081577E+02     1
   3.499754E+00   2.804341E+01    19
   3.859117E+00   6.603760E+01     5
   9.119988E+00   2.426709E+02     5
   1.336278E+00   2.320388E+01     7
   5.943958E+00   1.280265E+02     4
   6.591128E+00   5.588838E+01    17
   7.227462E+00   9.189690E+01    13
   6.086358E-03   2.040970E+02    19
   7.044575E+00   7.182933E+01    10
   3.777557E+00   9.807396E+01     1
   2.654630E-01   5.556015E+00    18
   5.231463E-01   1.005784E+02    12
   5.200141E+00   6.567830E+01     6
   7.787545E+00   2.659600E+01    16
   4.321046E-03   5.232411E+01    11
   7.917065E-01   5.515656E+01     9
   4.474530E+00   1.471272E+02     5
   5.492114E+00   4.843358E+00    17
   1.963283E+00   2.462203E+02    14
   3.623120E+00   1.125806E+02     6
   2.784388E+00   1.273205E+02     2
   4.174625E+00   7.558510E+00    12
   7.046137E-01   2.344482E+02     6
   2.396681E+00   1.700279E+01     3
   6.421320E+00   6.203565E+01     1
   4.508446E+00   1.752226E+02     3
   7.826421E+00   7.245897E+01     1
   6.032553E-01   2.485839E+02     1
   3.248441E+00   8.840922E+01     5
   3.017697E+00   2.386358E+02    13
   2.330672E+00   2.258716E+02     3
   3.821712E+00   1.842260E+02     4
   1.052323E+00   7.151084E+01     4
   1.187648E-01   4.802348E+01     1
   8.127683E+00   2.498107E+02     2
   2.654288E+00   1.798155E+02    11
   1.332991E-02   7.816524E+00    14
   8.093034E+00   1.059360E+02     7
   1.171722E+00   2.149062E+01    10
   2.546308E-01   2.068217E+02     7
   4.168697E-01   8.088646E+01    16
   2.245396E+00   2.009045E-02    14
   3.262402E+00   1.984169E+02    15
   4.266928E-02   1.126326E+02     4
   2.450330E+00   1.384065E+02     3
   6.803504E+00   1.749701E+02    14
   6.041957E+00   5.411970E+01     8
   4.360521E-02   2.477750E+02    18
   1.725432E+00   2.264682E+02    15
   1.156985E+00   8.577278E+01     2
   4.506905E+00   1.888143E+02     2
   4.073792E+00   9.252378E+01    15
   3.624972E+00   2.467660E+02     2
   6.907620E+00   4.805190E+01    13
   3.136283E+00   1.855635E+01    19
   2.628989E+00   5.571978E+01    17
   3.823525E+00   9.150056E+01    18
   4.250511E+00   1.905594E+01     1
   7.029926E+00   8.610491E+01     9
   2.100057E+00   4.225632E+01    10
   2.068526E+00   1.851180E+02     5
   7.968454E-01   1.394470E+02    12
   5.399909E+00   1.898209E+02    16
   3.185223E-01   9.784131E+00    11
   3.131049E-01   1.431150E+02    14
   1.194688E-02   1.905999E+02     7
   2.694546E+00   4.480628E+00     9
   4.010938E+00   1.591436E+02     7
   7.362101E-03   2.476434E+02    17
   2.590065E+00   1.140377E-02     8
   3.935236E+00   1.718529E+01     4
   4.926359E+00   3.749997E+00     6
   6.104756E-01   3.574053E+01    15
   6.965400E-01   1.257369E+00    17
   7.336733E-01   2.481025E+02    16
   2.688032E+00   6.995484E+01    13
   5.141520E+00   3.162286E+01    15
   1.082105E+00   1.593880E+02     6
   3.724509E+00   1.028607E+01    15
   2.812049E-01   9.347348E+01     2
   1.991895E+00   2.435793E+02     8
   6.977935E-01   5.181675E+00     1
   2.595278E+00   1.957141E+02     3
   9.793665E-02   4.356251E+00     2
   1.935451E-03   9.763847E+01    12
   3.753227E+00   1.141646E+02    18
   1.530557E+00   2.499816E+02    10
   2.105022E+00   1.465130E+02    15
   3.718204E+00   1.440970E+01     1
   3.890040E-01   2.497801E+02    14
   1.458309E-02   2.487354E+02     6
   2.198944E+00   8.705542E+01    18
   4.220214E-01   5.212778E-01     9
   3.678894E+00   1.772669E+02    19
   1.261039E+00   1.966777E+02     1
   3.777245E+00   6.225550E+00     9
   1.352143E+00   2.409571E+02    18
   1.128649E-01   1.352187E+02    14
   8.193519E-01   1.426500E+02     3
   4.268114E-01   3.971606E+01    19
   1.617346E+00   1.803495E+02    10
   2.313518E+00   2.889005E+01     2
   3.530134E+00   1.496956E+02     6
   3.062534E+00   7.298801E+01     6
   1.444673E+00   5.570869E+01    13
   1.248681E+00   1.628215E+02     8
   3.655069E-01   1.740152E+02     8
   1.855067E+00   9.491914E+00    18
   1.750153E+00   1.394796E+02    15
   6.118962E-01   9.345934E+01     1
   7.964019E-01   1.085278E+01    11
   1.206974E+00   7.501446E+01     7
   6.732445E-01   2.360567E+02    12
   1.157346E-02   1.570788E+02     7
   1.725185E+00   6.855731E+01    19
   1.884151E-01   2.734186E+00    15
   1.610952E-01   2.462130E+02    11
   9.798693E-02   2.314874E+01     5
   1.191185E+00   2.408561E+02    18
   1.478632E+00   4.183067E+01    16
   1.683457E+00   8.462251E+01     8
   4.636853E-04   1.774415E+02    14
   1.865582E+00   2.492879E+02    16
   1.646934E+00   9.505763E+01    14
   8.729188E-02   1.259999E+02    15
   5.208697E-01   1.956283E+02    13
