   1.343109E-04   1.338572E+02    14
   8.060768E-01   1.931797E+02    13
   2.818210E-06   4.342553E+01    11
   3.810654E-01   5.671344E+01     7
   2.084962E-03   1.395875E+01     5
   1.183776E-03   8.090282E+00     8
   1.344757E+00   1.124204E+02    15
   7.269656E-05   1.361415E+02    16
   2.034403E-07   7.203624E+01    13
   1.882582E-01   6.184586E+01    10
   6.530679E-01   6.037054E+01     9
   3.372879E-04   4.011073E+01    10
   1.064513E-02   5.937850E+01     9
   2.396779E-05   5.884502E+01     4
   3.810631E-07   9.424990E-04     6
   1.220334E-03   7.902560E-01     7
   6.594071E-01   1.329716E+01    19
   9.492876E-05   2.492675E+01     5
   1.057527E+00   1.455707E+01     9
   1.204750E-03   2.092967E+00     1
   5.938417E-02   1.043256E-01    17
   3.032004E-04   4.155768E+00    19
   5.013861E-03   1.612925E+02    13
   7.038573E-07   1.827772E+02    16
   4.301802E-06   6.142101E+01     7
   1.530517E-03   1.015680E+02     6
   5.711595E-02   6.622331E+01    12
   1.999349E+00   8.275929E+01    11
   3.639207E-03   1.582013E+02     3
   9.149148E-01   1.306968E+02     6
   3.452532E+00   9.734339E+01     2
   4.158756E+00   8.227488E+01     4
   7.144491E-01   1.237746E+02     2
   3.067169E-01   6.506048E+01     1
   2.111799E+00   3.507244E+01    16
   1.169526E-01   3.713600E+01     4
   1.697279E-11   3.124329E-02    13
   4.265487E-01   5.313220E-04     9
   5.183312E-12   1.348781E+01    13
   1.654640E-03   3.986553E+00    18
   6.828904E-01   2.660017E+00    18
   6.164275E-14   1.366769E-02     2
   5.276524E-03   8.323151E+00    13
   1.333766E-13   3.213907E-01     1
   7.128496E-03   1.143864E+02    14
   4.143364E-02   1.398646E+02    13
   6.939707E-01   9.981877E+01     7
   5.295804E+00   1.452624E+02     9
   7.064416E+00   1.467234E+02     8
   3.845637E+00   1.417327E+02    10
   5.963396E-01   1.880767E+02    13
   1.721219E+00   2.272915E+02     7
   2.176433E+00   1.026583E+02     7
   6.412678E+00   8.518528E+01     7
   2.205168E-02   1.153564E+02    16
   1.827613E+00   4.963476E+01     4
   3.542000E+00   8.372352E+01     6
   1.896623E-04   1.284410E+00    13
   6.912545E-05   7.452027E-01     9
   4.335472E-04   7.389468E+00     9
   1.559761E+00   4.906462E+01    19
   1.255171E-02   4.701755E+01    15
   1.574325E-01   1.013901E+01    12
   5.238037E-04   1.210134E+00    17
   1.763457E+00   6.762283E+01    19
   7.388128E-02   3.040136E+01    16
   2.658267E-02   7.395165E+01    11
   7.592972E-01   1.075703E+02     4
   7.181270E-01   1.817361E+02    13
   5.961909E+00   1.832508E+02     7
   7.739620E+00   1.558944E+02     9
   7.195896E+00   1.508481E+02    11
   2.772202E+00   2.035713E+02    13
   2.499617E+00   1.813520E+02    11
   2.700621E+00   1.413964E+02    15
   2.072551E+00   7.158845E+01     8
   2.795225E+00   6.774939E+01     2
   8.287291E+00   8.243269E+01     5
   5.549882E+00   8.897597E+01     7
   6.002006E+00   8.217164E+01    11
   1.099459E+00   1.014128E+02    14
   1.011520E+00   4.537774E+01     9
   3.235216E+00   3.976636E+01     8
   2.937338E-02   2.505064E+00    16
   3.053037E-01   5.456430E+00     3
   2.015731E-01   3.746270E+01     6
   3.927814E-05   4.882526E+00    10
   1.878457E+00   3.374542E+01     7
   9.488400E-06   8.577860E+01     4
   1.174610E-01   1.828377E+02    16
   8.797081E-02   2.123555E+02    15
   4.687099E-03   2.498328E+02     3
   1.471379E-03   2.499830E+02     9
   7.518421E-01   2.188519E+02     2
   5.887477E-03   2.068709E+02     7
   4.406828E-05   2.182838E+02     3
   7.883079E-04   1.725483E+02    15
   8.789767E-01   1.076652E+02    11
   1.817745E+00   1.013062E+02     2
   3.816280E+00   7.950821E+01     5
   3.179775E+00   1.027606E+02     9
   1.336486E+00   1.693664E+02     9
   2.550875E+00   7.069214E+01     4
   6.760624E-04   1.031827E+02     1
   9.935458E-05   6.032169E+01     3
   1.655183E-02   1.634077E+00     3
   3.214334E+00   3.015686E+01     5
   3.449247E-01   5.254385E+01     8
   1.757389E-01   3.315892E+01     1
   8.138862E-01   5.460175E+01     7
   2.027958E-08   7.951841E+01     5
   1.855303E-01   1.637435E+02    19
   4.406032E-04   1.423819E+02    19
   2.232975E-05   2.432640E+02    11
   4.320606E-03   2.499971E+02     1
   8.101305E-01   2.421308E+02    14
   9.153464E-01   2.499995E+02    11
   1.270815E+00   2.500000E+02     7
   5.670253E-01   2.234495E+02    11
   6.249133E-01   1.749031E+02     9
   1.559277E-02   1.578057E+02     5
   1.688101E-02   1.715459E+02     1
   3.366746E-03   1.530590E+02    13
   2.639272E-02   1.992244E+02     8
   1.067538E+00   8.616863E+01    10
   1.126263E+00   8.321558E+01     5
   1.834964E-02   4.922198E+01     9
   5.602165E-01   2.459834E+01     4
   2.390203E+00   3.994846E+01     2
   1.228376E+00   2.912625E+01     2
   2.963977E+00   3.427492E+01     2
   6.997064E-01   3.893252E+01     8
   5.495048E-08   2.736876E+00     2
   6.159488E-02   1.360788E+02    13
   1.386199E-01   1.238994E+02    18
   2.879251E-01   1.394415E+02     7
   2.755852E+00   1.630990E+02    11
   1.761575E+00   1.456727E+02     6
   1.759249E-01   2.427103E+02    15
   1.179858E-02   2.492756E+02     2
   2.577681E-01   1.797122E+02    14
   2.481807E-03   2.484202E+02     4
   4.825935E-01   1.775887E+02    16
   1.357327E-01   9.996464E+01    15
   9.586070E-02   1.231628E+02    11
   2.141959E-04   1.558574E+02     9
   4.853497E-03   1.054731E+02    13
   5.595476E-01   4.540472E+01    10
   1.964359E-04   6.540920E+01    10
   1.795183E+00   5.487213E+01     6
   1.374948E-04   6.542146E-01    17
   8.996901E-02   6.205644E+00    15
   2.046693E+00   4.243302E+01     1
   1.870147E+00   4.530491E+01     4
   1.285109E-01   1.049593E+00     9
   5.624751E-05   4.198037E+01     9
   4.119699E-02   3.381474E+00    19
   4.394651E-03   3.300861E+00    17
   4.086249E-02   1.654929E+01     1
   7.141293E-02   9.648525E+01     9
   7.145752E-01   1.122260E+02     2
   4.425812E-01   1.473613E+02    15
   6.236906E-01   1.363687E+02    16
   5.709603E-01   1.531224E+02    15
   8.524095E-01   8.945973E+01    10
   5.293271E-01   8.166241E+01    18
   2.680253E-01   8.217178E+01    11
   2.325580E-02   7.874966E+01    18
   3.750048E-01   1.042701E+02     6
   3.206599E-01   8.962600E+01    13
   1.520178E-02   1.569285E+01     5
   2.267410E-02   2.409021E+01    15
   3.256894E-01   2.017308E+01    13
   3.432077E-02   1.852828E-01     6
   9.376940E-02   4.705932E+00    19
   1.258568E-02   5.667336E-01    13
