   1.417563-141   2.931608E-01    10
   5.645644-141   5.638280E+00     3
   1.786485E-59   2.375777E+01    12
   1.024336-117   3.732502E+01    14
   2.359740E-22   3.205324E+01    16
   2.051164-297   1.613381E+01    14
   1.768038-133   1.781983E-05     7
   0.000000E+00   6.702524E-76     1
   5.231854E-64   2.684765E-16     9
   1.900118-134   1.220505E-02    17
   2.460538-165   1.475907E+01     9
   4.481324E-08   2.803714E+01    17
   4.935899E-15   7.538913E+00    17
   0.000000E+00   1.514432E-05     5
   1.952842-121   1.420735E-77     7
   1.282641E-02   1.023450E-15     7
   9.703962-208   2.634477E-18     5
   4.895427-174   1.505128E+00    16
   0.000000E+00   2.452689E-16    15
   3.201187E-44   9.010010E-12    19
   1.435159-288   4.562347E-41     7
   0.000000E+00   2.033436E-18     6
   8.488778-174   1.882916E+00     3
   9.941204-196   3.081902E+01     8
   9.564182-135   6.998292E+01     2
   9.004019E-07   9.709189E+01     1
   4.692758E-07   8.480183E+01     3
   1.026183-175   5.179751E+01     1
   3.539945-127   1.569108E+01    18
   0.000000E+00   8.748702E-04     4
   7.066673E-62   1.316873E-67    10
   3.462236-198   1.379478E+01     4
   1.232940E+00   5.612187E+01     5
   2.713216E+00   6.949497E+01     5
   4.824444E-01   3.645673E+01     5
   9.023153E-38   2.221537E+01     5
   9.256448E-27   8.037889E+00    18
   0.000000E+00   5.390086E-18     8
   0.000000E+00   2.067040E-22     7
   0.000000E+00   3.685751E-19     8
   8.600023-156   4.933258E-16     6
   0.000000E+00   7.025557E-10     3
   1.295809E-68   3.177845E-30    18
   8.183213-254   3.405906E-08     5
   1.969739E-96   1.160625E+01     8
   4.108101-127   6.532006E+01     6
   6.777361E-12   1.332509E+02    12
   3.058011E+00   1.696304E+02    11
   4.302161E+00   1.379526E+02     9
   2.098709E+00   1.035323E+02     9
   2.654146E-20   5.638433E+01     6
   1.208937E-12   1.279966E+01     1
   8.980123E-19   4.309178E+00    19
   6.009783E-41   3.525048E+01    11
   5.450292E+00   8.273888E+01     7
   9.123320E+00   8.194237E+01     7
   5.200186E+00   7.157329E+01     8
   1.643680E+00   6.842763E+01     8
   1.368687E-26   2.011873E+01    11
   2.337879-227   1.657166E-24    17
   8.614028E-98   5.392065E-52    15
   5.690838-180   1.593432E-56     2
   1.357383E-72   1.893569E-39     4
   0.000000E+00   1.447120E-33    14
   1.064698E-99   9.254317E-43     8
   7.554297E-14   4.062305E-02    14
   1.089805E-64   1.640487E+01    13
   9.920258-184   8.782084E+01    19
   1.500356E+00   1.633946E+02     9
   4.381653E+00   1.837577E+02    11
   6.545417E+00   1.556285E+02    10
   5.846067E+00   1.516265E+02    10
   1.433230E+00   1.013354E+02     9
   2.012525-232   4.066406E+01    18
   1.934802E-16   1.499645E+01     1
   2.462704-104   4.385897E+01    19
   4.850803E+00   1.024618E+02     7
   8.301163E+00   8.392253E+01     8
   7.503745E+00   8.859556E+01     8
   2.722692E+00   8.645714E+01     8
   4.452844E-40   3.278020E+01    16
   1.653602-195   2.260078E-11    11
   7.874012E-61   2.546528E-02    14
   3.134605E-11   3.254224E+00     9
   1.994450E-22   4.597811E-12     2
   3.030080E-60   5.867970E-01    10
   7.549911E-08   1.716163E-23     7
   5.234431-105   3.216005E-22     9
   3.712194E-31   1.194485E+01    16
   3.322969-135   7.206315E+01    14
   7.198345E-02   1.569254E+02     7
   3.027210E+00   2.023610E+02    10
   5.438106E+00   1.813761E+02    10
   6.987820E+00   1.472580E+02    10
   2.376206E+00   1.386872E+02    10
   7.073824E-87   7.016237E+01    15
   1.437016E-44   2.143160E+01     1
   1.194383E-35   4.003575E+01    19
   1.322178E+00   8.985417E+01     8
   4.644647E+00   8.219156E+01     9
   3.744187E+00   1.014688E+02     8
   1.702757E+00   7.922926E+01     7
   1.858568E-11   2.529059E+01    11
   5.357013-254   2.642588E-14    19
   1.078686E+00   2.111932E+01     2
   3.592659E+00   4.016779E+01     3
   2.880029E+00   2.971247E+01     3
   2.169899E+00   2.431057E+01     2
   1.117060E-21   6.208442E+00    11
   2.093115E-27   1.001705-201     6
   4.615303E-16   9.861570E-11     9
   1.783070E-22   4.851492E+01    13
   6.628820E-65   1.147920E+02    13
   1.450867E+00   1.519481E+02    11
   2.240720E+00   1.453019E+02    11
   2.138055E+00   1.456995E+02     9
   1.416996E-12   1.209761E+02    14
   3.852841E-25   5.316664E+01    11
   2.920861-165   6.680344E+00     9
   1.807744E-86   1.652639E+01     7
   2.452402E-23   3.865115E+01     8
   6.166229E-08   3.772557E+01     7
   6.332178-134   4.696570E+01    15
   4.641915E-08   3.325349E+01    12
   1.155753E-07   6.193467E+00    13
   2.399515E-27   1.416585E+01    19
   1.992232E+00   5.020575E+01     3
   4.990363E+00   4.513673E+01     2
   3.764548E+00   3.290667E+01     2
   3.399969E+00   3.392912E+01     2
   2.352447-136   8.176349E+00     9
   4.916038-221   2.824128E-09    15
   0.000000E+00   5.586303E-25    13
   7.531667E-18   2.777524E+01    10
   6.416607E-14   8.894329E+01    17
   8.482112E-01   1.509866E+02    11
   2.063034E+00   1.633255E+02    10
   8.272430E-01   1.392835E+02     9
   1.421010E-01   1.002512E+02     7
   1.462578E-42   3.625292E+01    15
   3.116363E-52   1.545380E-01     6
   2.979141E-69   6.551563E-42    10
   1.696790E-23   8.409631E-01    10
   0.000000E+00   3.509013E-07    16
   1.103680-131   1.000701E+01     7
   2.310264E-27   1.579955E-01     2
   1.854849E-10   4.020953E-16     1
   1.284159E-29   1.985532E+01     4
   1.426428E+00   5.664777E+01     2
   2.626740E+00   3.403274E+01     2
   3.753408E+00   5.456433E+01     2
   1.796012E+00   4.208125E+01     1
   6.020751E-31   3.539344E+00    15
   6.723317E-57   1.573656E-14     8
   6.020247E-54   1.052931E-13    13
   4.977874E-18   1.135853E+01     9
   4.277763E-05   4.858229E+01     3
   4.102838E-73   8.447604E+01    14
   8.298035E-08   9.646008E+01    19
   7.345774E-04   8.128413E+01     4
   1.548116E-02   5.268400E+01     2
   4.534632E-61   1.701905E+01    12
   8.029573E-31   5.551555E-25    13
   2.276715E-27   2.206572E-03     7
   1.487087E-47   2.391493E-14     8
   4.201001E-07   4.973252E-50    15
   3.914267E-11   2.415440E-02    18
   5.180157E-56   3.023677E-26     3
   1.938044E-44   2.790750E-25    13
   3.918143E-09   7.537717E+00    13
   3.775181E-01   3.007698E+01     1
   1.179107E+00   4.230295E+01     2
   1.449439E+00   4.500145E+01     2
   1.070524E+00   4.003961E+01     1
   1.277076E-13   1.089730E+01    19
   3.656126E-46   7.119248E-17     4
