   5.210046E-02   4.255436E+01     5
   1.113959E+00   9.059172E+01     2
   2.541883E-01   1.937208E+02     9
   1.449383E-01   5.452038E+01     5
   1.344966E-01   1.831495E+02     7
   6.657108E-01   1.658140E+02    14
   1.221895E+00   8.581848E+01    11
   2.268763E+00   4.912626E+00    16
   3.150188E-10   9.554080E+00    19
   3.238953E+00   8.504347E+01     8
   2.674420E+00   7.207940E+01    13
   1.235735E-04   7.287533E+01     1
   1.361502E-04   3.293695E+00    16
   1.992891E+00   6.325744E+01    13
   7.934151E-02   1.851651E+02    13
   4.507690E-03   1.856807E+02    19
   1.689823E-03   6.985025E+01    17
   8.449063E-01   3.143623E+01    13
   1.516565E+00   1.952306E+01     3
   2.279999E-01   3.972351E+01    16
   1.552777E-01   1.358967E+02    15
   5.294360E-01   4.068778E+00    18
   5.366279E-04   2.070800E+02    16
   2.478418E-02   2.184632E+02    19
   4.601612E-01   2.369547E+02     4
   1.053740E-01   1.381683E+02    12
   1.142520E+00   1.771825E+02    15
   6.213358E-01   2.292735E+02     7
   1.654672E+00   1.082297E+02    19
   1.975325E+00   1.556087E+02     4
   8.993028E-02   8.326840E+01     2
   5.634303E-01   8.730382E+01     4
   1.259275E-03   4.403054E+00    18
   7.079406E-01   1.645072E+00     1
   2.601036E-01   5.097124E+01     5
   3.020121E+00   1.836927E+02    16
   3.637125E-02   2.294851E+02    16
   4.968444E-03   1.375617E+02     9
   5.959362E-01   8.332889E+01     2
   8.679672E-01   1.509433E+02     1
   4.895811E+00   7.025013E+01     9
   4.121796E-03   1.368049E+02    11
   2.050665E-04   2.464173E+02    12
   9.096613E-01   4.170380E+01     7
   6.301154E-02   1.033019E+02     3
   1.328843E-01   1.943882E+02    14
   4.207639E-04   2.343292E+02     9
   4.907823E-01   1.869826E+02    15
   1.138099E-03   1.503964E+02    12
   3.476699E+00   1.741027E+02    11
   9.822756E-01   1.614875E+02    15
   1.566243E+00   7.912716E+01    15
   5.074592E+00   7.686587E+01     8
   1.722793E+00   3.984920E+01     5
   3.590546E-01   1.384743E+02    10
   1.529775E-01   1.730262E+02     9
   2.960183E-01   1.002259E+02     8
   3.458769E-01   2.349397E+02    12
   3.684273E+00   8.683728E+01     8
   1.427620E-01   1.748192E+02     5
   8.547399E-01   1.187812E+02    19
   5.842668E-01   1.921507E+02     8
   1.658446E+00   9.063485E+01     3
   1.007850E+00   4.860908E+01     6
   4.942491E-04   8.221842E+01     4
   7.242265E-01   7.476425E+01     7
   4.474321E-01   5.852247E+01    19
   8.592288E-04   1.460440E+02    16
   1.364247E+00   2.040357E+02    11
   3.062334E+00   1.480522E+02    11
   3.690797E+00   1.831257E+02     9
   6.353422E+00   1.468300E+02    10
   2.459939E+00   8.224766E+01     8
   4.410509E-02   2.261151E+02    17
   4.603324E-02   9.788571E+01    17
   5.685483E-01   1.026242E+02     4
   3.436670E-02   2.006965E+02     4
   4.442961E-01   1.111773E+02    13
   2.174622E+00   1.063610E+02     2
   5.399260E-02   1.940576E+02    14
   2.371761E-01   2.382233E+02     5
   2.858001E+00   2.467399E+02     9
   3.961586E-02   2.359360E+02     1
   1.529593E+00   1.738720E+02     8
   5.049653E-04   9.838929E+01     3
   3.781187E-03   2.484959E+02     5
   2.558932E+00   3.747766E+01     1
   3.405865E-01   3.072138E+01    12
   1.344145E-13   8.456582E+01    18
   1.003337E+00   1.599673E+02     3
   5.087957E-01   1.296876E+02     1
   1.300068E+00   8.240603E+01    17
   6.430460E-02   1.953651E+02    18
   4.288589E+00   1.547819E+02     9
   8.466323E-01   7.847948E+01     2
   8.329773E-01   2.892421E+01     1
   1.085699E-04   5.657292E+01     9
   1.117104E+00   1.111587E+00     2
   5.871575E-01   1.274435E+02     2
   2.002035E+00   1.034982E+02    10
   2.425911E+00   1.633476E+02    11
   1.510901E+00   2.170930E+02     1
   8.619289E-01   1.030155E+02     7
   4.824955E+00   8.224292E+01    10
   2.771899E+00   4.584454E+01     1
   8.325721E-04   2.916135E+01    19
   1.552465E-07   1.114739E+02    17
   1.453374E-01   1.109209E+02    19
   6.739325E+00   3.386595E+01     5
   5.546719E+00   4.239836E+01     5
   2.505792E-01   1.113110E+02    17
   4.975900E-05   2.392846E+02    12
   1.636906E+00   1.071526E+02    13
   8.473806E-01   1.565652E+02    15
   4.327381E-01   1.466920E+02    15
   5.163584E+00   1.454564E+02    12
   2.818300E-01   1.496472E+02     8
   2.351623E+00   9.156340E+01     9
   3.472937E-01   7.082662E+01     3
   2.180624E+00   1.826059E+01    16
   4.552890E+00   8.519848E+01     8
   3.331316E+00   8.862838E+01     8
   5.944268E-01   1.087972E+00    11
   3.523806E+00   8.684457E+01     3
   1.439141E+00   3.048953E+01     3
   9.711713E-03   1.286420E+02    16
   2.969726E-02   1.991927E+02     8
   7.212273E-04   1.685284E+02    16
   4.228546E-01   1.214901E+02     1
   6.239673E-02   2.480994E+02     1
   2.633560E-02   2.326892E+02    19
   5.549475E-04   9.234212E+01    14
   1.702346E+00   1.831423E+02    12
   1.232442E+00   2.482425E+02     9
   1.034089E+00   1.633951E+02    10
   1.405356E-01   2.185485E+02    19
   1.932198E-02   8.082091E+01     1
   2.497974E-02   8.633164E+00    19
   1.259489E+00   2.148907E+01    11
   1.917323E+00   1.411615E+02    11
   1.888585E-01   1.875863E+02    18
   2.464420E+00   1.546834E+01    15
   1.193610E+00   1.919991E+01     7
   8.418686E-01   8.303768E+01    10
   2.449927E-01   8.729568E+01     2
   2.500310E+00   2.191169E+02    13
   1.660041E+00   1.539635E+02    17
   2.213423E-01   1.820027E+02    18
   1.824099E-06   1.931603E+02     7
   2.300442E-01   1.802311E+02    10
   6.542539E-04   4.545583E+01    10
   2.502943E+00   2.152578E+02    19
   4.989177E-02   1.948545E+02     4
   4.283542E-03   9.240186E+01    17
   4.023535E-02   2.738581E+01    16
   5.929332E-02   1.553491E+02     8
   1.762941E+00   1.466133E+02     1
   6.695732E-01   1.742364E+02    16
   1.729338E-02   1.528776E+02    11
   2.029035E-02   4.582172E+01     3
   1.452609E-01   1.111734E+02     2
   6.838118E-03   1.645666E+02     9
   7.358366E-01   7.570370E+01     4
   6.915889E-04   3.146010E+01    10
   1.558571E-01   6.467556E+01    17
   2.663571E-04   1.007336E+02     8
   3.109594E-03   1.068848E+02     9
   4.534634E-01   1.705399E+02    18
   1.414320E+00   1.822945E+02     9
   7.978063E-01   1.230201E+02    13
   3.109994E-01   2.441355E+02     3
   6.304304E-01   2.445292E+02     6
   1.444388E-01   1.450910E+02     6
   9.445145E-01   1.114262E+02    14
   6.361317E-01   2.296654E+02    12
   1.686012E+00   5.338384E+01     9
