   4.935829E-05   1.435177E-01     3
   5.149287E-03   3.153203E-08     3
   2.941171E-19   1.290235E-05    18
   4.694636E-17   2.138166E+01    12
   3.184647E-19   2.896361E+01    17
   2.769674E-06   2.425927E+00    15
   7.224307E-05   2.857952E-04     5
   1.346669E-05   2.031671E-05     6
   3.980426E-09   1.423142E+00     1
   2.391819E-06   2.166743E+01     3
   2.986797E-06   1.548540E+01     6
   1.293020E-01   1.954267E-01     4
   1.284902E-31   8.156633E-02    16
   3.566118E-02   4.251506E+01     3
   2.346823E-35   5.893672E+01    14
   3.034331E-20   3.080780E+01    18
   3.778931E-07   1.169936E-03     4
   1.179187E-03   1.016468E+00    19
   3.297079E-19   2.617483E-04    19
   2.287861E-27   1.066614E+00     2
   3.613209E-02   1.412921E-01    16
   2.710074E-03   7.723911E+00    19
   3.932634E-12   6.808700E-08    12
   2.465062E-03   2.933290E-01     6
   5.298156E-04   7.907617E-01    16
   3.486614E-14   4.910414E+01    18
   1.866007E-03   4.173571E+01    10
   1.742046E-05   1.451376E+01    13
   1.611484E-08   1.362341E-03     9
   1.690030E-04   5.559872E+01    19
   4.692454E-22   4.122110E+01     2
   3.364400E-08   2.310427E+01     8
   4.385937E-01   5.322907E+00    16
   2.727375E+00   2.078897E+01     4
   1.016174E-02   5.377579E+01     2
   1.156173E-01   1.558611E+01     9
   4.506909E-07   5.496879E-04    15
   1.160156E-05   1.770984E+01     9
   2.324986E-04   1.310038E+01    16
   3.122147E-11   6.690398E-03     9
   1.715761E-07   2.613746E-02     3
   1.366955E-07   1.359827E+01    19
   2.304585E-02   2.796417E+01    18
   5.331083E-27   1.769187E+00    13
   3.474100E-29   7.969099E-05    13
   1.506502E-12   2.203045E+01    16
   1.740306E-11   1.149690E+02     2
   2.924915E+00   1.697695E+02     9
   6.030812E+00   1.385037E+02     7
   5.203638E+00   1.460067E+02     7
   1.582862E-04   1.318352E+02    12
   1.320834E-03   1.807623E+02     8
   9.420834E-03   1.509849E+02     2
   2.852576E+00   9.949235E+01    11
   5.856201E+00   8.274390E+01     8
   9.123320E+00   8.194237E+01     7
   7.652823E+00   7.018599E+01     8
   3.653067E+00   7.871804E+01    12
   2.905052E-06   5.009036E+01    16
   7.078175E-09   1.313852E+01     8
   2.230784E-07   1.026348E-03     3
   1.468739E-07   8.558532E+00    12
   3.514345E-06   3.686883E+01     8
   3.530591E-09   3.010251E+01     8
   2.769262E-05   2.337668E-01    17
   1.852040E-06   1.668037E-02    14
   1.708063E-01   9.442851E-04    15
   1.244163E-01   1.406299E+01     1
   7.160732E-01   1.083490E+02     4
   3.749975E+00   1.841251E+02     8
   7.626981E+00   1.554020E+02     8
   5.627473E+00   1.516702E+02     9
   3.415275E-01   2.124666E+02     3
   1.517467E-01   2.481747E+02    12
   3.632588E-01   2.235109E+02    13
   2.013843E+00   1.384001E+02     9
   4.330056E+00   1.024097E+02     8
   8.074355E+00   8.434225E+01     7
   7.450867E+00   8.847911E+01     8
   2.165695E+00   8.915414E+01     9
   1.224757E-13   9.151279E+00    15
   5.089447E-21   2.558075E-06    11
   8.156461E-04   4.025965E+01    18
   1.137145E+00   3.361256E+01     2
   1.571082E+00   3.949459E+01     2
   2.964716E-06   4.371981E+00     2
   2.951023E-16   3.804787E-13    17
   5.519073E-02   1.045890E-01    15
   1.696508E-23   5.423996E-03    12
   5.267554E-19   2.300857E-01    14
   7.288838E-03   1.008816E+02    18
   2.598238E+00   2.023065E+02    11
   5.438106E+00   1.813761E+02    10
   6.583948E+00   1.469938E+02    12
   9.426533E-04   2.402458E+02     7
   1.397159E-08   2.414729E+02    10
   1.268707E-01   1.678215E+02     7
   5.049320E-01   9.637350E+01    15
   1.035772E+00   5.669233E+01     7
   4.644647E+00   8.219156E+01     9
   4.972749E+00   1.020628E+02     8
   6.931378E-03   4.384203E+01     2
   9.264254E-14   5.189675E+00     2
   4.782633E-02   3.068753E-01     4
   2.695737E-06   4.051542E+01     8
   2.995299E+00   2.932314E+01     2
   3.076435E+00   4.089292E+01     3
   4.592394E-02   1.424579E-01    15
   1.200511E+00   4.208634E+01     1
   9.956412E-07   5.730752E-01     2
   1.041696E-10   1.482887E+01     5
   6.698829E-05   6.156169E-02    13
   7.620799E-05   4.794469E+01    12
   1.103353E-02   1.537036E+02     3
   2.647231E+00   1.449736E+02    10
   1.679076E+00   1.515813E+02    14
   5.291320E-02   2.500000E+02     8
   1.039587E-04   2.492190E+02    19
   5.594754E-03   1.153695E+02    14
   3.442617E-14   5.080361E+01     1
   2.197080E-06   1.897346E-01    11
   6.068704E-05   2.786029E+00     8
   1.152761E-03   2.475453E+01     9
   3.826702E-08   7.768382E-03     5
   2.314910E-02   4.987603E+00    14
   2.024031E-05   7.220371E-01     7
   2.837026E-01   1.908952E+01     2
   4.990363E+00   4.513673E+01     2
   3.558948E+00   3.331469E+01     1
   6.053910E-06   4.222523E+01     5
   7.560701E-03   3.361406E+01    19
   9.318036E-03   2.149733E+01    17
   1.123202E-01   1.060074E+01    19
   2.983988E-04   4.857182E-04     2
   6.808390E-07   1.230961E+01     5
   9.414783E-02   8.897573E+01    15
   3.454881E+00   1.631749E+02    12
   1.046610E-01   1.752782E+02     2
   6.204539E-24   2.473130E+02    13
   1.097191E-02   2.188560E+02    16
   2.299309E-06   1.371826E+02     3
   1.547805E-06   7.173315E+01    14
   5.727912E-10   3.780525E-02    18
   6.698311E-10   1.024353E+00    12
   7.679853E-06   1.308595E+01    12
   5.908365E-06   1.427153E+01    17
   2.907516E-03   9.718881E-03    15
   1.908456E-02   8.846201E-03    15
   1.146805E-06   1.493762E-01    12
   3.056628E+00   3.445992E+01     3
   3.753408E+00   5.456433E+01     2
   8.448143E-01   4.024896E+01     4
   1.635763E-03   3.134208E-01    15
   8.670583E-02   2.683939E+01    15
   7.360947E-02   7.144328E-01     1
   4.755047E-02   1.246568E-03     1
   1.495486E-01   4.909617E-01    16
   7.150877E-04   8.147024E+01    12
   1.143014E-03   1.031200E+02    15
   2.554835E-02   8.755383E+01    15
   6.336236E-03   1.430468E+02    12
   9.988008E-01   1.390080E+02    16
   2.011990E-01   1.052158E+02     9
   6.978980E-06   5.270634E+01    19
   2.433691E-01   3.647145E+01     1
   1.140153E-02   1.053397E+00     2
   1.232133E-03   4.686571E+00    18
   1.718217E-03   6.479505E-03     2
   3.309352E-01   2.571428E+01     4
   1.723565E-01   1.841335E-01    17
   3.199420E-02   4.258215E-01     9
   2.586060E-06   5.640889E-04     7
   4.433745E-01   2.698635E+01     2
   1.090818E-15   1.798860E+01    16
   3.339679E-03   6.822198E+00    17
   3.622468E-01   3.464528E+01     1
