   1.285273E+01   2.483483E+02    17
   3.065670E+00   1.314687E+02     8
   4.455041E+00   1.819973E+02     4
   5.640498E+00   2.007048E+02     6
   8.274311E-01   2.483256E+01     9
   3.683065E+00   6.617277E+01    10
   1.581458E-03   2.499846E+02    10
   2.897888E+00   3.635433E+00    17
   1.712697E+00   1.953296E+01    19
   2.169116E-01   6.644275E+00    16
   8.284576E-01   7.856661E+01     9
   9.016860E+00   1.429804E+02    13
   4.863117E-01   2.454727E+02    14
   2.310333E-01   1.196001E+02    18
   1.068912E+00   2.187832E+02    12
   3.011405E+00   2.388446E+02    16
   3.142533E+00   2.437122E+02    17
   1.186303E+00   7.533206E+01    11
   7.770899E-01   9.453079E-01    11
   2.337434E+00   1.976789E+01     9
   1.192851E-04   5.695573E+01    15
   5.817865E+00   2.239422E+01     7
   1.615902E+00   1.905735E+02    16
   4.114350E+00   1.170817E+02     3
   9.536147E+00   1.463005E+02     6
   1.074236E+01   1.296965E+02     4
   2.652405E+00   2.499845E+02     8
   4.887153E-01   7.503632E+01    19
   2.891326E+00   1.367221E+02     5
   2.949284E-01   8.487516E+00    12
   5.532480E+00   1.818334E+02    15
   6.345036E+00   1.754898E+02    17
   4.272913E+00   8.142052E+01     7
   7.507408E-01   1.787484E+00    12
   4.041990E+00   2.011485E+02    19
   2.163801E+00   2.498051E+02     7
   6.480757E+00   1.322223E+01    10
   8.066758E+00   2.447814E+02    12
   5.820520E+00   6.345783E+01     7
   7.670373E-01   2.259076E+02    19
   4.204704E+00   2.112531E+02    19
   4.582057E-02   1.270366E+02     9
   3.155464E+00   6.360299E+01    18
   3.111626E+00   1.344960E+01    18
   2.315616E+00   8.088761E+01     6
   3.248069E-01   2.327472E+02     9
   7.370029E+00   1.439292E+02    17
   2.034589E+00   1.970812E+02     9
   2.949958E+00   2.491835E+02    17
   1.306112E-01   1.900181E+02    12
   6.441359E+00   1.302141E+02    19
   3.549023E+00   2.344664E+02     9
   1.318988E+00   2.493640E+02     2
   2.316747E+00   2.275607E+02    18
   4.921439E+00   2.133470E+02    16
   7.675071E+00   2.491417E+02     6
   4.881345E+00   6.979727E+01    17
   1.205558E+00   7.488361E+01    13
   5.101772E+00   9.131112E+01    13
   1.928235E+00   9.313508E+01    11
   2.199559E+00   1.130620E+02     6
   2.637868E+00   2.410950E+02    17
   1.521162E-02   2.333839E+02    15
   1.367067E+00   5.925184E+01     4
   1.808243E+00   8.319314E+00     7
   4.376215E+00   1.322358E+02     5
   1.437517E-03   3.850386E+01     2
   7.403270E-01   1.565172E+02     4
   4.852591E+00   1.490050E+02    10
   9.540783E-03   1.160183E+02    15
   5.980438E+00   2.495566E+02    10
   3.751529E-03   1.647585E+02    11
   4.225137E+00   1.840544E+02     4
   8.386222E+00   2.464487E+02     3
   8.026400E+00   2.363624E+02    16
   7.286305E+00   1.296856E+01    18
   5.308370E+00   1.695584E+02    12
   1.185047E-01   1.277407E+02     3
   1.852677E+00   1.931659E+01    13
   1.462776E+00   4.205381E+01    12
   2.662886E+00   1.429148E+02    16
   2.421801E+00   2.210851E+02     5
   2.346950E+00   2.441911E+02     9
   4.703795E-02   1.590340E+02     3
   2.646821E-01   1.248840E+02    11
   7.075287E+00   1.585924E+02    19
   2.143718E+00   1.393205E+02    13
   5.998886E-02   1.062844E+02    14
   3.645542E+00   5.348411E-01    10
   5.174851E+00   2.112537E+01    16
   7.177075E-01   1.634898E+02    12
   2.364368E-03   2.053761E+02    13
   4.533228E+00   1.626906E+02     6
   2.575358E+00   1.507085E+02    11
   5.501949E-01   3.659674E+01     9
   1.504093E+00   8.589364E+01     5
   3.721464E-02   9.675187E+01     9
   2.549726E-01   1.896243E+02    17
   1.608976E+00   9.035106E+01     6
   2.213808E-03   2.632365E-01    11
   2.684678E+00   7.693880E+00    13
   4.074561E+00   7.994260E+01     8
   5.547315E+00   6.397120E+01    16
   9.189355E-01   1.705829E+02    14
   3.060741E+00   2.260379E+02     7
   3.142177E-01   2.499327E+02     9
   6.583206E-01   1.385151E+02    16
   2.700330E+00   2.498345E+02    11
   2.840431E-01   2.372523E+02    10
   1.681567E+00   1.685465E+02    16
   4.927660E+00   2.300939E+02    13
   5.135063E-03   9.609350E+00    14
   4.083674E-01   7.412074E+01     6
   1.765004E-01   2.298033E+00    11
   3.807007E+00   1.361720E+02     4
   2.637329E+00   2.483061E+00     2
   3.220312E+00   2.686186E+01    10
   3.621753E+00   2.283988E+02    17
   1.030542E+00   7.727070E+01    19
   5.272763E+00   9.767692E+01    11
   1.527472E-01   3.798366E+01    15
   3.443588E-02   2.225441E+02    16
   5.187208E+00   2.499943E+02     3
   1.120988E+00   2.198358E+02    11
   2.360863E-03   2.277346E+02    15
   3.504996E+00   5.195039E-01    13
   3.799470E+00   2.050118E+02    18
   6.876369E-02   1.924056E+02    19
   7.267408E-01   1.976161E+02    11
   5.216399E+00   7.121355E+01     1
   2.207197E+00   1.479589E+02    19
   2.285153E-01   2.065742E+02     4
   1.453738E+00   1.879758E+02    12
   3.509829E+00   7.605047E+01    14
   1.699473E+00   1.862342E+02    15
   5.530932E-01   2.125761E+02     2
   1.130549E+00   1.111945E+02     8
   6.259119E-02   2.005048E+02     9
   3.630692E+00   5.115178E+01     1
   2.731548E-01   6.478738E+00     5
   2.459660E-01   1.610876E+02     6
   2.180402E+00   1.361411E+02    18
   2.093174E-01   3.905741E+01     4
   7.788489E-01   5.460065E+01    17
   1.786660E+00   1.779141E+02    12
   1.148781E+00   1.078343E+02     3
   7.272598E-03   2.675926E+01     8
   1.072253E+00   2.056096E+02     5
   6.719639E-02   1.091341E+02     6
   3.718537E+00   5.005589E+01     9
   6.525245E-02   2.494060E+02     1
   1.980784E-01   1.858648E+02     9
   3.797186E+00   1.061173E+02    15
   2.510416E+00   2.397313E+02    18
   9.280452E-02   1.778587E+02    15
   6.160740E-01   8.890867E+01    12
   1.839060E+00   1.630279E+02    14
   1.835927E+00   2.484749E+02    14
   4.876856E-01   1.227323E+02    19
   4.126394E-02   6.913520E+00     3
   9.683942E-01   1.283721E+02     1
   1.714229E+00   5.097840E+01    16
   2.322819E-01   1.514044E+00     5
   9.687719E-01   2.151688E+02     2
   3.763837E-01   1.765861E+02    12
   3.253646E-01   3.618531E+01     5
   3.292217E-02   1.685716E+01    18
   1.364438E+00   2.494537E+00    12
   4.285310E-01   2.376444E+02    11
   1.769186E+00   1.431029E+01    13
   2.198014E-01   2.558582E+01     1
   3.005820E-01   2.931046E+01    19
   9.844530E-02   1.258688E+00    17
   1.120593E+00   1.881005E+02     8
   6.464583E-03   2.496379E+02     6
   1.274656E+00   2.471442E+02    14
