   4.326063E-26   5.290000E-08    18
   8.082604E-33   5.513233E-08     9
   2.740850E-16   5.435855E+00    11
   4.474005E-52   1.813706E+01     7
   7.924772-121   1.138122E+01    10
   4.622570E-36   1.163795E+01     7
   6.033492-234   2.154386E-19     5
   2.200427-134   2.837102E+00     2
   2.753274-191   1.972621E-02     7
   1.048776E-80   1.064783E+01    15
   5.661837E-73   1.057585E+01     6
   7.638601E-17   7.438309E-06     8
   3.146600E-13   2.934904E-27    13
   3.748053E-16   7.406655E-06     3
   4.064462-103   9.160721E-04    12
   2.547559-255   1.384987E-12     3
   4.883724E-45   5.166933E-05     6
   7.853251E-11   4.838792E-09    12
   1.108262E-33   8.623196E-20    13
   1.659440E-80   2.384700E-18     7
   3.737616E-20   4.057040E-02    18
   2.737732-226   6.950784E-15    17
   1.387489E-75   2.803921E-33    12
   7.240668E-09   8.097045E-02     6
   3.396657E-15   4.619489E+01     3
   1.356979E-07   7.667113E+01     7
   2.062060E-50   6.081169E+01    17
   1.076721E-05   4.100937E+01     7
   1.860441-261   1.323955E+01     5
   1.529140-140   8.135958E-41    12
   1.897099-131   1.744988E-18     5
   8.884848E-60   2.417342E+01     8
   9.676978E-01   5.517480E+01     5
   1.568686E+00   3.321361E+01     6
   6.587471E-01   2.065502E+01     4
   1.964382E-08   1.431110E+01    18
   5.234661E-31   9.471941E+00    19
   1.781701E-17   2.252113E-01    13
   2.649747-182   2.349974E-23    13
   2.623739-104   1.727572E-03    19
   1.878387E-25   1.771345E+00    16
   1.133220E-24   1.559487E+00     4
   2.195073E-76   3.486187E-09    16
   1.298804E-10   1.900392E-12     8
   1.288570E-45   1.686463E-01     5
   8.362464E-38   3.460394E+01    16
   3.422928E-50   1.113886E+02    17
   3.058011E+00   1.696304E+02    11
   4.302161E+00   1.379526E+02     9
   2.485210E+00   1.028277E+02     8
   2.250926E-04   4.623154E+01     4
   4.086668-124   4.740823E+00    17
   3.457960E-17   1.202092E+01     4
   8.093882E-24   4.646425E+01    11
   5.450292E+00   8.273888E+01     7
   9.123320E+00   8.194237E+01     7
   6.322665E+00   7.070862E+01     7
   2.382658E+00   6.789486E+01     7
   3.989920E-71   3.252891E+01    17
   1.862913E-82   1.438622E+01     4
   1.102015E-82   2.684097E-07     8
   5.941868E-32   1.296701E-02    13
   8.105905E-19   2.250423E-11     7
   5.498196-261   2.168004E-38     6
   2.678553-195   3.837776E-01     8
   1.626341E-44   3.428748E-03    18
   8.919050E-39   1.365143E-05     5
   8.986682E-44   5.765987E+01    10
   1.508168E+00   1.632010E+02    10
   4.034409E+00   1.841246E+02    10
   6.545417E+00   1.556285E+02    10
   5.627473E+00   1.516702E+02     9
   1.232419E+00   9.974789E+01     7
   1.432001E-64   4.847823E+01    16
   1.604159-100   3.185327E+01     4
   2.277839E-04   6.264427E+01    15
   4.850803E+00   1.024618E+02     7
   8.301163E+00   8.392253E+01     8
   7.503745E+00   8.859556E+01     8
   2.722692E+00   8.645714E+01     8
   8.699604E-06   3.780097E+01     1
   9.188529E-11   3.453132E-04    16
   3.912147E-65   5.547472E-02     2
   1.033931E-08   6.289489E+00     1
   3.053202E-29   7.498110E-01     9
   7.857377E-06   4.250446E-02    18
   3.468195E-93   2.851773E-04     4
   1.117896E-25   2.750358E-04    16
   4.315907E-36   1.424222E-08    17
   2.882603E-26   4.585873E+01     8
   3.493089E-01   1.520283E+02    15
   3.027210E+00   2.023610E+02    10
   5.438106E+00   1.813761E+02    10
   6.987820E+00   1.472580E+02    10
   2.376206E+00   1.386872E+02    10
   4.358714E-31   6.157007E+01    14
   6.553941E-03   2.675579E+01    17
   5.036300E-26   5.096516E+01    14
   1.457074E+00   8.826789E+01     7
   4.644647E+00   8.219156E+01     9
   4.378549E+00   1.013406E+02    10
   1.268789E+00   7.890958E+01     9
   1.351301E-10   2.573186E+01    11
   1.961420E-85   5.870469E-08     4
   7.879676E-01   2.119055E+01     3
   3.592659E+00   4.016779E+01     3
   2.880029E+00   2.971247E+01     3
   1.176456E+00   2.438457E+01     3
   1.497457E-49   1.811294E-01    11
   2.427541E-47   8.678130E-46    14
   0.000000E+00   4.404830E-15     1
   2.890343E-39   3.537890E+01    10
   3.887623E-44   1.028800E+02    17
   1.450867E+00   1.519481E+02    11
   2.240720E+00   1.453019E+02    11
   2.138055E+00   1.456995E+02     9
   1.247790E-18   1.127114E+02    11
   3.812134E-36   3.937919E+01     8
   3.097997E-44   9.316556E+00     2
   6.153778E-07   1.133708E+01    13
   4.820598E-14   3.261987E+01    15
   9.687639E-07   3.901542E+01    15
   4.154556E-48   4.356929E+01     6
   2.271108E-60   2.960614E+01     2
   7.891322E-51   1.079146E-04    16
   7.978840E-09   5.799115E+00     9
   1.992232E+00   5.020575E+01     3
   4.990363E+00   4.513673E+01     2
   5.323912E+00   3.296046E+01     1
   3.399969E+00   3.392912E+01     2
   8.208937E-13   2.162501E-04     2
   4.936140E-12   2.466718E-26     3
   5.150572E-23   1.248002E-05    15
   2.030330E-05   1.475675E+01    18
   6.495244E-43   6.985004E+01    12
   8.482112E-01   1.509866E+02    11
   2.063034E+00   1.633255E+02    10
   8.970769E-01   1.393138E+02    11
   6.980839E-18   7.672793E+01     8
   9.873313E-04   1.291757E+01    13
   3.468279E-23   1.076966E-47    17
   9.180173E-05   6.772093E-01     7
   3.750503E-80   9.393419E-03     1
   1.024951E-95   6.018257E-08    15
   2.248469E-14   1.078990E-11     4
   3.335539E-25   8.109232E-04    13
   8.881188E-19   4.832247E-11    19
   5.169391E-15   1.060665E+01     7
   1.111668E+00   5.684844E+01     2
   2.626740E+00   3.403274E+01     2
   3.753408E+00   5.456433E+01     2
   1.796012E+00   4.208125E+01     1
   1.706590E-17   4.984520E-03    12
   1.089003E-87   3.726159E+00    10
   1.558419E-12   5.788005E+00     2
   2.402867E-30   5.604964E-01    13
   1.325772E-32   2.517828E+01    14
   3.708021E-13   7.366120E+01    17
   5.471603E-09   9.420092E+01    12
   1.283971E-14   7.154256E+01    15
   6.034946E-04   2.821099E+01     9
   1.069199E-15   1.177769E-01    16
   1.451201E-04   1.972946E-05     5
   9.313167E-13   3.081892E-18     6
   4.686161E-21   9.576117E-06     8
   9.375352E-36   6.973967E-18    12
   5.379586E-04   3.030871E-01    16
   3.167399E-50   3.130233E-15    16
   6.654252E-22   3.114198E-06     9
   5.817951E-43   1.423192E+01     8
   3.473626E-15   3.788593E+01    15
   1.868454E+00   4.208011E+01     1
   1.449439E+00   4.500145E+01     2
   1.070524E+00   4.003961E+01     1
   5.194604E-40   2.962515E-04    14
   6.059600E-19   5.290907E+00    11
