   1.824208E-01   1.726046E+02    10
   2.314077E-01   1.854288E+02     3
   5.671021E-04   6.646452E+01     3
   1.814604E+00   5.060804E+01     2
   8.211523E+00   2.272853E+02    14
   6.126723E+00   2.452120E+02    18
   6.925757E-02   1.943989E+02     4
   1.892183E+00   1.561018E+02    10
   1.767378E-05   1.893202E+02    10
   4.984490E+00   9.863065E+01    10
   2.918235E+00   1.486886E+02    16
   1.169525E+00   1.343463E+02     9
   9.329349E-01   1.956448E+02    19
   2.211259E+00   2.472035E+02     7
   3.098818E+00   2.078094E+02     4
   2.539312E+00   2.637161E+01     8
   3.437018E+00   4.251068E+01    11
   1.519750E-01   1.686549E+01     7
   5.071182E-01   7.559792E+01     1
   4.360324E-02   1.216688E+02     2
   3.150688E-01   1.398714E+01    13
   7.249303E-02   4.046721E+01    16
   7.612627E-03   1.753838E+02     2
   7.539853E-01   2.221059E+02    12
   3.132443E+00   1.124859E+02    17
   3.782513E+00   2.114001E+02     4
   4.279967E+00   3.718430E+01     8
   3.740273E-02   6.897852E+01    19
   5.777701E+00   1.121578E+02    16
   6.181331E-01   2.308597E+02     2
   3.728374E-01   1.847238E+02     7
   2.024509E+00   1.133683E+02     3
   4.157008E+00   1.925611E+02    10
   1.901417E-02   1.389537E+01    18
   4.078504E-02   7.634814E+01     5
   2.300277E+00   1.176431E+02    10
   4.517880E-03   2.324962E+02     5
   1.759863E+00   1.934355E+02     7
   1.009405E+00   2.491748E+02     4
   8.491850E-01   1.700206E+02    16
   5.209023E-03   1.623804E+02    15
   1.414084E-01   2.983783E+01    17
   7.307050E-03   1.345451E+00     4
   1.050227E-03   9.672109E+01     1
   5.248865E-01   8.274308E+01    18
   4.503753E+00   1.336605E+01    19
   7.326968E-04   1.029967E+02    13
   1.463942E+00   2.480979E+02    12
   1.026348E+00   1.130673E+02     4
   3.363277E+00   1.476750E+02    13
   9.444506E-01   2.263857E+02     6
   1.784261E+00   1.571250E+02     9
   2.928884E+00   1.137171E+02    15
   8.212265E-02   1.622931E+02     8
   1.049320E+00   4.518801E-02     4
   2.491555E-01   1.657593E+02     3
   2.099501E+00   2.374818E+02    15
   4.871046E+00   2.499980E+02    10
   3.499551E-02   2.490179E+02     3
   1.464701E+00   2.430088E+02     1
   2.965803E-01   2.306208E+02    14
   3.274981E+00   2.167146E+02    15
   8.321961E-03   5.084549E+01     6
   1.495706E-01   1.453167E+02    16
   4.754249E+00   2.494236E+02     6
   6.189131E+00   3.134757E+01     8
   1.556418E-06   2.110950E+02     5
   8.393864E-01   2.429572E+02    19
   6.346681E-01   5.103094E+01     2
   2.765393E+00   1.225217E+02     2
   2.932034E+00   1.437748E+02     7
   2.121052E-01   9.510975E+01     5
   3.096294E-02   1.782156E+02    10
   1.738546E+00   1.322551E+02    10
   5.539971E+00   1.367549E+02    10
   5.824715E+00   5.079424E+01    13
   4.902587E-01   6.151747E-02     2
   7.849677E+00   8.298586E+01     6
   4.889804E+00   8.314796E+01     7
   2.727394E+00   2.262691E+02     3
   7.824810E-01   2.228169E+02    16
   4.480354E+00   9.829181E+01     3
   1.215563E+00   8.728372E+00     5
   2.130665E-02   9.946460E+01    14
   4.132726E+00   1.180682E+02    17
   7.148710E-01   1.460313E+02     7
   3.378278E-02   2.404341E+02    10
   6.121420E-01   1.051584E+02    12
   7.412040E-04   2.095530E+02    12
   8.797944E-01   2.023287E+02    17
   2.012971E-01   2.470249E+02     3
   3.973296E+00   7.410146E+00    16
   5.492185E+00   2.499305E+02     8
   1.320817E+00   2.131079E+02    12
   2.537165E+00   5.287318E+01    18
   6.293555E+00   1.520309E+02    12
   1.018341E+00   2.016106E+02    11
   2.356264E+00   1.670360E+02    11
   4.510755E-01   1.943735E+02     4
   2.496205E+00   6.312517E+01    17
   1.454621E+00   6.548187E+01     3
   1.506088E-01   1.145680E+02     1
   1.169764E+00   9.051304E+01     3
   3.888305E-02   1.499736E+02     3
   8.623565E-02   2.708407E-02     1
   1.867957E-01   1.092243E+02    15
   2.611314E-04   1.864513E+02    13
   1.477797E-02   9.056635E+01     9
   1.011325E-01   2.264878E+02    10
   1.556977E-01   7.894558E+01     4
   5.942934E-01   1.789833E+02    17
   3.616694E+00   2.492997E+02    17
   3.063261E-01   2.448465E+02    19
   4.028879E+00   1.529356E+02     4
   4.237494E+00   1.828953E+02     6
   4.653165E+00   7.986248E+01     8
   9.587912E-01   1.218007E+01     6
   4.617993E+00   3.990905E+01     1
   3.934070E-01   4.905461E+01    18
   1.593411E+00   8.794275E+01     2
   2.095051E+00   1.751674E+02    19
   1.340152E-01   1.885789E+02     9
   8.267162E-03   1.741613E+02     3
   5.436110E-03   2.499974E+02    13
   2.845076E+00   1.335934E+02     7
   7.194395E-02   1.665179E+01    10
   1.753702E-01   8.179392E+00    13
   1.682970E+00   2.386966E+02     9
   1.990665E-02   2.451330E+02    13
   8.173842E-02   1.662809E+02    14
   6.834422E-01   1.248932E+02    16
   2.171163E+00   5.988863E+01     6
   2.062648E-01   1.959963E+01     5
   6.615811E-01   1.369929E+02    14
   9.970667E-02   2.234567E+02    10
   8.548746E-04   2.449250E+02    14
   1.016282E+00   1.110256E+01    17
   1.573741E+00   1.611328E+02    13
   1.498658E-03   6.756519E+01    18
   1.699566E+00   1.065020E+02    13
   1.139769E-01   5.603212E+01    11
   1.473570E+00   8.517071E+01     7
   1.355284E+00   4.970584E+01    13
   2.863249E-03   1.852223E+02    17
   2.331118E+00   8.797617E+01     9
   3.787062E+00   8.348991E+01     9
   9.675624E-01   4.422327E+01     5
   3.330139E-03   3.977215E+01     4
   1.627157E+00   2.264275E+00     4
   1.601828E+00   1.070323E+02     3
   2.696643E-01   1.122842E+02    16
   3.203465E-02   1.021337E+02     6
   1.865335E-03   5.018264E+01     4
   1.555167E+00   2.410439E+01    13
   6.993253E-02   9.431258E+01    12
   2.945917E-01   1.530108E+02     6
   5.436459E-01   1.373655E+02    17
   1.164010E-05   3.138160E+01     7
   3.080499E-01   2.038967E+01    17
   4.638837E-03   7.055317E+00    14
   1.195167E+00   1.525238E+02    13
   9.519683E-02   1.906249E+02     1
   9.329589E-01   1.413380E+02    16
   1.052850E+00   8.654020E+01     1
   1.609237E+00   2.663717E+01    14
   4.668235E-01   2.333903E+02     5
   3.271476E-01   2.112793E+02     7
   1.586171E+00   1.443431E+02    15
   1.287410E+00   9.024209E+01    11
   1.508991E+00   4.309663E+00    16
   5.983938E-01   3.914289E+01     4
   1.840338E-03   3.573513E+01    17
   1.252935E+00   3.238268E+01     1
   1.420811E-03   8.604740E+01    10
   7.402366E-01   1.930427E+01     5
   1.154296E+00   4.165054E+01     5
