   2.757171E-62   1.052372E-01     6
   5.212904E-90   3.439209E-05    19
   1.794590E-07   3.325020E-12    12
   1.846016E-35   6.216087E+00     5
   9.849042E-52   6.079361E+00    19
   4.548891E-50   8.864315E-11    10
   1.802535E-12   2.834059E-32    18
   1.100957E-74   1.603399E-32    12
   2.474365-135   2.157843E-09     2
   6.937393E-23   6.801144E-32     9
   7.258003E-24   1.833485E-25     7
   3.210856E-06   3.158105E-02     1
   8.770509E-75   5.781877E-03    17
   2.595104E-50   5.215004E-03     2
   1.298732E-10   1.171816E-03    14
   2.301204E-28   4.773185E-32     3
   1.054210E-31   6.561362E-01     3
   2.257782E-74   2.318039E-03    10
   2.167927E-05   3.293237E-19    10
   2.054118E-55   1.783540E-20    16
   1.746506E-05   1.079853E-06     3
   8.037429E-54   2.947116E-04     9
   2.983440E-56   9.473714E-05    11
   4.067222E-28   6.514983E-01     7
   2.205465E-22   3.836113E+01     3
   1.273885E-14   6.847421E+01     5
   8.180936E-12   5.739990E+01    11
   2.162351E-02   3.209933E+01     8
   1.640511E-54   2.268425E+01     7
   1.949700E-04   5.211557E-04     5
   8.327964-164   1.890057E-26    13
   1.006637E-13   5.493534E+00     7
   4.537456E-04   3.397348E+01    17
   1.035137E+00   3.352794E+01     5
   5.032380E-11   2.318764E+01    11
   2.579822E-12   1.582641E+01    17
   3.034416E-24   7.002443E-04     6
   5.930401E-64   1.382777E-07    10
   3.463892E-05   1.343587E-11    14
   3.374558E-07   8.324778E-02    19
   2.434516E-09   1.021471E+01     5
   1.686228E-67   4.596879E-10    14
   2.531079E-73   9.307006E-03    10
   7.673707E-95   8.233296E-01    12
   1.672831E-18   1.947789E-07    12
   6.258260E-44   1.866038E+01    15
   6.002425E-05   1.025837E+02     4
   2.617352E+00   1.702359E+02     9
   4.302161E+00   1.379526E+02     9
   2.674830E+00   1.045131E+02     8
   2.788556E-11   6.484862E+01     8
   2.270409E-14   4.143663E+00    11
   2.135100E-04   1.861964E-04    11
   2.434785E-24   2.703013E+01    13
   5.856201E+00   8.274390E+01     8
   9.123320E+00   8.194237E+01     7
   6.322665E+00   7.070862E+01     7
   2.307502E+00   6.811627E+01     6
   3.472466E-30   2.112037E+01     8
   2.806858E-09   3.168747E-08    17
   7.131044E-30   8.050115E-32    19
   2.523106E-08   2.075280E-04     3
   2.854800E-57   6.396251E+00    18
   7.078217E-92   3.838810E-07     2
   4.965645E-24   1.279305E+00     3
   5.471254E-27   8.974399E-01    18
   8.819131E-30   2.489410E+00     8
   3.316358E-16   4.187820E+01    19
   1.495098E-25   1.241956E+02    14
   4.567991E+00   1.838553E+02     9
   6.545417E+00   1.556285E+02    10
   5.627473E+00   1.516702E+02     9
   1.468281E+00   1.386527E+02     7
   1.172936E-30   4.724654E+01    18
   5.255305E-06   1.254711E+01     4
   3.871629E-11   3.511431E+01     4
   4.850803E+00   1.024618E+02     7
   8.301163E+00   8.392253E+01     8
   7.503745E+00   8.859556E+01     8
   2.722692E+00   8.645714E+01     8
   6.960289E-02   2.492655E+01     6
   7.596518E-14   4.612017E-12     1
   3.650316E-02   1.286324E-29     7
   4.169813E-27   6.520166E+00     4
   1.392080E-44   2.127714E+01    12
   6.007760E-22   2.623799E-02    11
   1.035401E-13   6.349201E+00     8
   2.039978E-24   4.349818E-02     2
   3.503479E-27   1.606554E-08     4
   2.822029E-34   2.508731E+01    14
   3.974123E-09   1.301215E+02    12
   3.415120E+00   2.019480E+02    11
   5.438106E+00   1.813761E+02    10
   6.987820E+00   1.472580E+02    10
   1.740265E+00   1.392799E+02     9
   2.350197E-11   5.419117E+01     6
   1.366712E-22   1.416172E+01     3
   6.417234E-29   3.311427E+01    12
   1.039871E+00   9.057461E+01     9
   4.644647E+00   8.219156E+01     9
   5.282123E+00   1.009970E+02     8
   1.520979E+00   7.975814E+01     8
   7.021568E-10   2.635558E+01     2
   7.313606-111   8.204396E-07     8
   1.177182E+00   2.178190E+01     4
   3.592659E+00   4.016779E+01     3
   2.880029E+00   2.971247E+01     3
   1.721742E+00   2.485748E+01     2
   3.371216E-04   3.113410E-02     6
   9.146147E-46   1.030929E-11    17
   3.365085E-15   7.433130E-14     8
   4.765522E-08   6.871363E+00    13
   1.825334E-13   8.481659E+01    13
   5.046485E-01   1.512722E+02    12
   2.240720E+00   1.453019E+02    11
   2.688240E+00   1.456560E+02    11
   2.298841E-09   1.116441E+02    12
   2.717038E-12   5.616537E+01    19
   3.805868E-58   2.599064E-04     8
   1.491195E-32   1.104944E-04    19
   9.973788E-04   1.625052E+01     7
   2.502227E-07   8.364327E+00    10
   6.776652E-11   3.079799E+01     5
   9.910434E-14   3.309209E+01     5
   3.613663E-47   3.571895E+00    13
   2.634062E-11   1.116744E+01     7
   1.592139E+00   5.112431E+01     4
   4.990363E+00   4.513673E+01     2
   5.323912E+00   3.296046E+01     1
   3.536971E+00   3.379319E+01     1
   4.717991E-07   1.434964E-31     8
   1.469964E-21   3.832722E-02    10
   3.579116E-05   2.259253E-01     9
   4.429176E-14   8.119248E+00     7
   5.523850E-22   6.787777E+01    15
   9.325497E-01   1.520086E+02    11
   3.454881E+00   1.631749E+02    12
   8.970769E-01   1.393138E+02    11
   3.282302E-24   8.163936E+01    14
   2.808630E-04   3.341469E+01    19
   1.674001E-23   8.053196E-03    13
   5.807106E-47   2.719249E-03     9
   1.959837E-22   4.613404E-02     7
   3.668424E-08   1.896577E-02     1
   4.572603E-08   7.838953E+00     4
   5.123103E-14   2.796337E-04     1
   1.002488E-02   1.056173E-04     1
   6.328425E-07   1.211448E+01    13
   1.139993E+00   5.657249E+01     5
   2.626740E+00   3.403274E+01     2
   3.753408E+00   5.456433E+01     2
   1.796012E+00   4.208125E+01     1
   2.531672E-36   1.366454E-12    13
   5.154987E-35   9.462362E-05    14
   1.634706E-58   1.631992E+00     4
   2.465303E-35   1.018263E-12    12
   2.838406E-07   3.398093E+01    13
   2.618103E-10   7.514831E+01     8
   3.240806E-07   7.645147E+01    11
   1.355626E-14   4.804958E+01     1
   1.436567E-18   3.315909E+01    16
   2.171068E-15   1.449595E+01     8
   2.680823E-09   8.159447E-04     4
   7.172254E-29   6.934968E-09     4
   1.376129E-10   2.439153E-07     9
   5.841749E-09   1.521620E-32     7
   1.046035E-05   4.141703E-20     7
   4.846162E-10   2.042837E+00     8
   1.833741E-15   2.263861E-10     1
   1.011401E-04   1.810605E-05    14
   1.737841E-01   2.926693E+01     4
   1.868454E+00   4.208011E+01     1
   1.449439E+00   4.500145E+01     2
   7.805393E-01   4.014626E+01     2
   4.542286E-04   1.929641E-05     8
   4.737484E-06   9.148871E-03     6
