   1.538654E-37   8.617373E-01     8
   2.426006E-52   2.181364E-01    17
   5.160271E-55   5.295853E+00    12
   3.899698E-09   1.579672E+01     7
   1.006201E-17   1.827221E-04     3
   3.184028E-60   9.639302E-09     1
   3.591722E-03   6.675930E-03     8
   1.185791E-07   2.805074E+01     9
   9.303056E-25   2.311620E+01    12
   2.276782E-30   1.052913E-04     8
   2.628043E-17   5.730165E-08    12
   3.804216E-11   7.021247E-02    11
   2.326703E-41   1.705467E-10    11
   1.191454E-12   1.048077E-03    17
   2.838815E-08   1.599050E-01    10
   2.457758E-19   2.740579E-14     6
   1.403136E-02   1.651135E-08     7
   7.706004E-05   2.926468E-11    16
   4.904170E-04   1.101765E-05    18
   1.994472E-08   2.017366E-02    16
   9.245704E-07   5.400512E-14     8
   5.565429E-16   1.397270E-05    11
   3.228036E-18   1.454014E-01     9
   7.050647E-10   4.748308E-02     6
   1.131241E-05   2.515312E+01    14
   2.369517E-06   7.271380E+01    14
   6.825105E-12   8.217624E+01     9
   5.021857E-05   8.341156E+01     2
   4.580289E-03   7.850211E+01    12
   1.729646E-04   9.217736E+01    12
   3.557219E-02   5.542835E+01     1
   1.128991E-02   4.015669E+01     2
   1.807154E-16   2.026971E+01    15
   7.840542E-06   3.643775E+00    13
   4.317821E-02   2.928703E-01     5
   1.268785E-18   9.786354E-08     3
   7.932591E-09   5.163036E-05    13
   1.045285E-15   1.423695E-10    10
   2.256826E-50   1.980993E-01    10
   1.421691E-11   2.024447E+00     9
   1.212160E-03   1.506596E+00    11
   1.153479E-43   1.650129E-03     6
   3.170964E-15   2.810973E-01     5
   1.012722E-01   2.369379E-04    14
   6.465809E-25   1.471291E-01    10
   4.397190E-19   3.214649E-03    19
   1.000637E-03   7.740591E+01    11
   2.869250E+00   1.698448E+02     8
   2.903540E+00   1.382636E+02     9
   1.939084E+00   1.378678E+02    10
   4.909311E-06   1.468704E+02    15
   2.283744E-23   1.575280E+02     7
   2.069273E-01   1.271064E+02     6
   3.561634E+00   8.878262E+01     7
   5.856201E+00   8.274390E+01     8
   9.123320E+00   8.194237E+01     7
   6.322665E+00   7.070862E+01     7
   7.810410E-01   3.878718E+01     7
   9.270770E-08   4.321995E-01     4
   5.424114E-25   8.857530E-04     5
   2.042233E-04   5.049500E-26    12
   4.988547E-12   5.265908E-16     1
   9.335907E-10   1.438677E-33    15
   8.624567E-20   2.511040E-02    16
   4.009475E-42   1.439065E-07    17
   2.672451E-14   1.271095E-01    16
   3.390482E-14   4.027348E+00    15
   3.279068E-02   2.332057E+01     5
   2.733371E-01   9.509108E+01     7
   4.189789E+00   1.842226E+02    10
   8.062107E+00   1.556262E+02     9
   5.627473E+00   1.516702E+02     9
   7.191864E-01   1.710409E+02    10
   6.017480E-04   1.954484E+02    10
   2.549560E-07   1.853422E+02    19
   1.040188E+00   1.390940E+02    11
   4.546935E+00   1.033269E+02     9
   8.074355E+00   8.434225E+01     7
   7.450867E+00   8.847911E+01     8
   2.010359E+00   6.757471E+01     7
   6.033434E-15   1.986339E+01    14
   1.977307E-33   7.503542E-07    10
   2.434161E-04   1.888896E-01    18
   8.464374E-08   1.016702E+01     7
   2.648482E-10   5.089517E-01     1
   1.574381E-03   2.381358E-01     3
   6.519248E-06   1.618243E-06     4
   1.883317E-11   7.778692E-06    11
   1.256694E-31   1.493880E-02     6
   4.316492E-03   1.445547E+01     3
   2.071645E-06   1.015934E+02    14
   3.014236E+00   2.027392E+02    10
   5.438106E+00   1.813761E+02    10
   6.946381E+00   1.470201E+02     9
   4.437356E-10   2.004445E+02    16
   7.079192E-17   2.319312E+02    18
   6.957278E-07   1.960871E+02     5
   3.747423E-02   1.159868E+02    15
   2.207329E+00   1.001193E+02     9
   4.644647E+00   8.219156E+01     9
   4.972749E+00   1.020628E+02     8
   1.866838E+00   7.903543E+01     8
   7.397458E-08   8.692113E+00    10
   4.275107E-08   1.575882E-24     4
   4.633279E-15   1.689434E-02     2
   3.592659E+00   4.016779E+01     3
   3.488089E+00   3.012792E+01     3
   1.822558E+00   2.369393E+01     4
   4.535420E-22   1.006749E-01     7
   7.787846E-06   4.517385E-07    18
   2.196726E-02   4.218427E-05    13
   1.312495E-12   4.774587E-01     4
   1.430769E-03   5.510796E+01     9
   1.352713E+00   1.513843E+02    12
   2.240720E+00   1.453019E+02    11
   2.688240E+00   1.456560E+02    11
   1.023952E-12   1.863331E+02    10
   2.718445E-03   1.708962E+02     7
   1.346151E+00   1.388793E+02     8
   1.367450E-01   7.907872E+01    13
   4.692382E-04   5.497467E+01    14
   4.267613E-01   2.224032E+01    10
   2.545853E-01   5.085711E+01     4
   3.663633E-11   2.033022E+01     3
   4.796239E-18   5.281079E-03    18
   6.726583E-13   3.096689E+00    19
   8.623735E-01   3.008430E+01     3
   4.990363E+00   4.513673E+01     2
   5.191246E+00   3.312672E+01     2
   2.745179E+00   4.107212E+01     1
   3.329975E-06   1.727022E+01    13
   4.331987E-05   1.534409E-18    18
   8.689074E-04   2.098952E-05    19
   3.518446E-25   2.491384E-12     9
   4.129780E-06   7.966744E-03     4
   8.194792E-07   1.119458E+02    13
   3.454881E+00   1.631749E+02    12
   5.704646E-01   1.390061E+02    12
   9.397627E-04   1.078167E+02     9
   3.821567E-04   7.088425E+01    14
   3.824965E-04   2.960911E+01    17
   2.862241E-11   1.118390E+01     8
   7.864207E-04   1.964815E+01     7
   4.035224E-05   3.677819E-11    10
   8.527063E-31   3.602398E-03     3
   1.335442E-03   2.057116E-08    19
   9.283852E-13   9.249194E+00     5
   3.220802E-16   2.186505E-01     8
   1.655001E+00   5.721535E+01     2
   3.309865E+00   3.426155E+01     2
   3.753408E+00   5.456433E+01     2
   1.796012E+00   4.208125E+01     1
   1.266325E-07   1.994043E+01    10
   1.586596E-06   3.581226E-01     3
   1.108319E-06   1.169675E-04     7
   3.124058E-04   3.832350E-07    17
   6.879820E-05   1.768631E-03     4
   5.924963E-05   5.392436E+01     2
   6.460102E-04   8.298669E+01     7
   2.382603E-13   7.381686E+01     8
   2.120149E-01   4.496553E+01     1
   3.032568E-02   2.273649E-02     7
   2.005718E-03   8.921189E-08    10
   4.318930E-02   6.228831E-04    18
   2.898558E-02   2.066003E+00    12
   5.607026E-05   1.193013E-02     6
   3.748689E-08   3.337408E-11     8
   1.196174E-02   6.108529E-10    13
   2.153465E-09   5.226453E-03     4
   7.737002E-07   1.283665E-04    18
   1.315261E-09   1.772885E+00     1
   3.024344E-10   1.789781E+01    10
   1.284334E+00   5.012242E+01     1
   1.515084E+00   4.312206E+01     3
   2.521397E-07   2.550633E+00     3
   8.595718E-08   2.302403E+01    14
